NOF,NOPF,NOM,NOPM,LOC,WMC,NC,DIT,LCOM,FANIN,FANOUT,label
6.0,0.0,8.0,6.0,187.0,24.0,0.0,0.0,0.0,0.0,4.0,2
1.0,0.0,4.0,3.0,58.0,11.0,0.0,0.0,0.5,0.0,1.0,1
1.0,0.0,4.0,4.0,31.0,4.0,0.0,1.0,0.5,1.0,0.0,2
0.0,0.0,2.0,2.0,8.0,2.0,0.0,0.0,-1.0,0.0,0.0,1
7.0,0.0,23.0,9.0,261.0,40.0,3.0,0.0,0.2608695652173913,0.0,10.0,1
2.0,0.0,4.0,4.0,19.0,4.0,0.0,0.0,0.0,1.0,0.0,2
0.0,0.0,10.0,9.0,185.0,10.0,0.0,0.0,-1.0,1.0,3.0,2
1.0,0.0,2.0,2.0,15.0,2.0,0.0,1.0,0.0,1.0,0.0,1
2.0,0.0,5.0,3.0,59.0,9.0,0.0,0.0,0.0,1.0,0.0,2
0.0,0.0,1.0,1.0,5.0,1.0,0.0,1.0,-1.0,0.0,2.0,1
4.0,0.0,4.0,4.0,56.0,7.0,0.0,2.0,0.0,0.0,2.0,1
0.0,0.0,5.0,5.0,54.0,5.0,0.0,1.0,-1.0,0.0,1.0,1
18.0,0.0,27.0,26.0,223.0,41.0,0.0,0.0,0.1111111111111111,0.0,0.0,2
2.0,0.0,4.0,4.0,82.0,11.0,1.0,2.0,0.5,0.0,3.0,1
2.0,0.0,3.0,3.0,79.0,13.0,0.0,0.0,0.0,8.0,5.0,2
2.0,1.0,3.0,2.0,55.0,5.0,0.0,0.0,0.0,1.0,2.0,1
0.0,0.0,2.0,2.0,18.0,2.0,0.0,0.0,-1.0,0.0,1.0,1
0.0,0.0,2.0,2.0,13.0,2.0,0.0,0.0,-1.0,0.0,0.0,1
0.0,0.0,1.0,1.0,5.0,1.0,0.0,0.0,-1.0,1.0,0.0,2
1.0,0.0,3.0,3.0,12.0,3.0,0.0,0.0,0.6666666666666666,1.0,0.0,2
0.0,0.0,1.0,1.0,9.0,2.0,0.0,0.0,-1.0,1.0,0.0,2
11.0,0.0,24.0,19.0,303.0,39.0,1.0,0.0,0.08333333333333333,1.0,4.0,2
2.0,0.0,3.0,3.0,43.0,6.0,0.0,0.0,0.0,1.0,0.0,2
6.0,0.0,14.0,11.0,159.0,21.0,0.0,0.0,0.7142857142857143,1.0,2.0,2
3.0,0.0,7.0,7.0,72.0,9.0,0.0,0.0,0.0,2.0,0.0,2
0.0,0.0,5.0,4.0,38.0,5.0,0.0,0.0,-1.0,3.0,1.0,2
1.0,0.0,4.0,2.0,52.0,5.0,0.0,0.0,0.75,0.0,4.0,1
0.0,0.0,3.0,0.0,21.0,3.0,7.0,0.0,-1.0,25.0,0.0,2
12.0,0.0,38.0,28.0,675.0,95.0,0.0,0.0,0.0,3.0,13.0,1
6.0,0.0,6.0,6.0,52.0,10.0,0.0,0.0,0.0,0.0,4.0,1
1.0,0.0,2.0,2.0,31.0,3.0,1.0,1.0,0.0,0.0,1.0,1
1.0,0.0,5.0,3.0,47.0,6.0,0.0,0.0,0.6,0.0,1.0,1
9.0,0.0,21.0,15.0,386.0,46.0,0.0,0.0,0.09523809523809523,0.0,7.0,1
1.0,0.0,5.0,5.0,46.0,6.0,1.0,0.0,0.4,1.0,1.0,2
4.0,0.0,6.0,0.0,63.0,6.0,4.0,0.0,-1.0,7.0,0.0,2
4.0,0.0,5.0,5.0,67.0,7.0,0.0,0.0,0.0,0.0,1.0,1
2.0,0.0,5.0,3.0,34.0,5.0,0.0,0.0,0.0,0.0,2.0,1
6.0,0.0,15.0,13.0,140.0,16.0,1.0,1.0,0.4,0.0,2.0,1
19.0,14.0,7.0,6.0,99.0,8.0,0.0,0.0,0.2857142857142857,4.0,3.0,1
2.0,0.0,8.0,4.0,51.0,12.0,0.0,0.0,0.25,1.0,2.0,1
0.0,0.0,1.0,1.0,12.0,1.0,0.0,0.0,-1.0,0.0,1.0,1
4.0,0.0,14.0,14.0,175.0,26.0,0.0,0.0,0.0,0.0,2.0,2
0.0,0.0,1.0,1.0,11.0,1.0,0.0,0.0,-1.0,1.0,0.0,2
21.0,0.0,27.0,16.0,482.0,88.0,0.0,0.0,0.0,0.0,2.0,1
1.0,0.0,2.0,2.0,26.0,2.0,0.0,2.0,1.0,0.0,2.0,1
3.0,0.0,3.0,3.0,48.0,7.0,0.0,0.0,0.0,2.0,0.0,2
2.0,0.0,3.0,3.0,41.0,6.0,0.0,0.0,0.0,0.0,0.0,1
27.0,8.0,48.0,45.0,540.0,75.0,0.0,1.0,0.20833333333333334,5.0,11.0,2
3.0,0.0,6.0,5.0,63.0,11.0,0.0,1.0,0.0,2.0,5.0,2
3.0,0.0,6.0,6.0,61.0,8.0,0.0,0.0,0.5,1.0,0.0,2
5.0,1.0,18.0,14.0,97.0,21.0,0.0,1.0,0.5555555555555556,0.0,5.0,1
1.0,0.0,2.0,1.0,42.0,6.0,0.0,2.0,0.0,0.0,3.0,1
0.0,0.0,1.0,1.0,20.0,3.0,0.0,0.0,-1.0,0.0,0.0,1
0.0,0.0,3.0,2.0,23.0,4.0,0.0,2.0,-1.0,8.0,1.0,2
0.0,0.0,1.0,1.0,8.0,1.0,0.0,0.0,-1.0,0.0,0.0,2
1.0,0.0,14.0,14.0,153.0,14.0,0.0,0.0,0.7857142857142857,0.0,3.0,2
0.0,0.0,4.0,4.0,16.0,4.0,0.0,0.0,-1.0,0.0,0.0,1
4.0,0.0,14.0,7.0,188.0,26.0,0.0,0.0,0.0,2.0,2.0,1
6.0,0.0,7.0,2.0,263.0,38.0,0.0,0.0,0.0,0.0,4.0,1
0.0,0.0,1.0,0.0,14.0,1.0,0.0,0.0,-1.0,0.0,1.0,1
7.0,0.0,9.0,8.0,213.0,26.0,0.0,0.0,0.3333333333333333,1.0,6.0,1
1.0,0.0,5.0,3.0,37.0,9.0,0.0,0.0,0.4,0.0,0.0,2
5.0,1.0,18.0,14.0,98.0,21.0,0.0,1.0,0.5555555555555556,0.0,5.0,1
8.0,0.0,12.0,11.0,179.0,20.0,0.0,2.0,0.0,0.0,5.0,2
7.0,0.0,13.0,11.0,175.0,28.0,0.0,0.0,0.15384615384615385,2.0,1.0,2
2.0,0.0,3.0,2.0,42.0,5.0,0.0,1.0,0.0,0.0,0.0,1
1.0,0.0,3.0,3.0,12.0,3.0,0.0,0.0,0.0,0.0,0.0,1
3.0,1.0,4.0,3.0,48.0,5.0,0.0,0.0,0.0,1.0,0.0,1
1.0,0.0,3.0,3.0,36.0,4.0,0.0,1.0,0.0,1.0,1.0,2
2.0,0.0,0.0,0.0,13.0,0.0,0.0,0.0,-1.0,1.0,0.0,1
0.0,0.0,2.0,2.0,15.0,2.0,0.0,0.0,-1.0,0.0,0.0,1
6.0,0.0,4.0,3.0,75.0,7.0,0.0,1.0,0.0,1.0,0.0,2
41.0,0.0,47.0,41.0,647.0,105.0,0.0,0.0,0.0851063829787234,0.0,6.0,2
17.0,6.0,17.0,11.0,313.0,48.0,0.0,0.0,0.17647058823529413,1.0,4.0,2
7.0,0.0,16.0,9.0,348.0,51.0,1.0,0.0,0.6875,2.0,7.0,2
8.0,0.0,18.0,17.0,201.0,44.0,0.0,1.0,0.0,0.0,2.0,1
11.0,2.0,21.0,17.0,307.0,57.0,0.0,0.0,0.0,3.0,1.0,2
1.0,0.0,2.0,2.0,31.0,3.0,0.0,0.0,0.0,1.0,1.0,2
9.0,0.0,16.0,16.0,240.0,41.0,0.0,0.0,0.375,1.0,2.0,2
24.0,0.0,45.0,28.0,747.0,124.0,2.0,0.0,0.06666666666666667,2.0,15.0,2
1.0,0.0,3.0,3.0,24.0,3.0,0.0,1.0,0.6666666666666666,3.0,0.0,2
3.0,2.0,2.0,2.0,43.0,4.0,0.0,0.0,0.0,1.0,0.0,1
2.0,0.0,2.0,1.0,14.0,3.0,0.0,0.0,0.0,1.0,0.0,2
7.0,0.0,19.0,17.0,222.0,26.0,0.0,0.0,0.5263157894736842,0.0,5.0,2
2.0,0.0,5.0,5.0,43.0,6.0,0.0,0.0,0.6,0.0,0.0,1
3.0,0.0,12.0,7.0,153.0,31.0,2.0,0.0,0.16666666666666666,0.0,3.0,1
1.0,0.0,5.0,5.0,46.0,6.0,0.0,0.0,0.6,0.0,1.0,1
7.0,0.0,14.0,9.0,179.0,18.0,0.0,0.0,0.0,1.0,9.0,1
1.0,0.0,27.0,27.0,168.0,32.0,0.0,0.0,0.9259259259259259,0.0,1.0,2
2.0,0.0,4.0,4.0,41.0,4.0,0.0,0.0,0.5,2.0,0.0,2
0.0,0.0,2.0,2.0,30.0,2.0,0.0,0.0,-1.0,0.0,1.0,1
6.0,0.0,7.0,7.0,94.0,17.0,0.0,0.0,0.0,0.0,4.0,1
2.0,0.0,2.0,1.0,28.0,4.0,0.0,0.0,0.0,0.0,1.0,2
3.0,2.0,6.0,5.0,68.0,8.0,0.0,0.0,0.0,1.0,0.0,1
14.0,0.0,24.0,11.0,470.0,60.0,2.0,2.0,0.20833333333333334,0.0,9.0,1
2.0,0.0,4.0,4.0,54.0,7.0,0.0,2.0,0.5,0.0,3.0,1
0.0,0.0,2.0,2.0,17.0,2.0,0.0,0.0,-1.0,0.0,0.0,1
7.0,0.0,18.0,16.0,242.0,40.0,0.0,1.0,0.2777777777777778,19.0,7.0,2
1.0,0.0,10.0,9.0,39.0,10.0,0.0,0.0,0.6,0.0,1.0,2
2.0,0.0,14.0,12.0,154.0,26.0,0.0,0.0,0.2857142857142857,2.0,3.0,1
12.0,0.0,10.0,8.0,206.0,34.0,0.0,0.0,0.3,1.0,1.0,2
2.0,0.0,3.0,3.0,45.0,5.0,0.0,0.0,0.0,0.0,0.0,1
2.0,0.0,14.0,14.0,117.0,16.0,0.0,0.0,0.2857142857142857,0.0,1.0,1
1.0,0.0,4.0,4.0,61.0,6.0,0.0,0.0,0.75,0.0,3.0,1
2.0,0.0,9.0,8.0,55.0,9.0,0.0,0.0,0.2222222222222222,0.0,3.0,1
0.0,0.0,2.0,1.0,67.0,11.0,0.0,2.0,-1.0,0.0,4.0,2
0.0,0.0,2.0,2.0,26.0,2.0,0.0,2.0,-1.0,3.0,1.0,1
0.0,0.0,7.0,7.0,22.0,8.0,0.0,0.0,-1.0,0.0,1.0,1
5.0,0.0,8.0,5.0,57.0,10.0,0.0,0.0,0.0,0.0,3.0,1
2.0,0.0,4.0,4.0,41.0,4.0,0.0,0.0,0.5,2.0,0.0,2
4.0,0.0,8.0,5.0,138.0,13.0,0.0,1.0,0.375,0.0,7.0,2
7.0,0.0,12.0,5.0,115.0,20.0,0.0,1.0,0.3333333333333333,1.0,2.0,2
0.0,0.0,1.0,1.0,12.0,1.0,0.0,0.0,-1.0,2.0,0.0,2
0.0,0.0,2.0,2.0,21.0,2.0,0.0,0.0,-1.0,2.0,0.0,2
10.0,0.0,19.0,19.0,196.0,22.0,0.0,0.0,0.5263157894736842,3.0,1.0,1
4.0,0.0,5.0,5.0,71.0,10.0,0.0,1.0,0.6,2.0,5.0,2
4.0,0.0,7.0,4.0,62.0,10.0,1.0,0.0,0.0,0.0,2.0,1
0.0,0.0,5.0,0.0,32.0,5.0,6.0,1.0,-1.0,2.0,2.0,2
1.0,0.0,4.0,4.0,17.0,4.0,0.0,0.0,0.5,0.0,0.0,1
1.0,0.0,3.0,1.0,31.0,8.0,0.0,0.0,0.6666666666666666,0.0,1.0,1
7.0,0.0,26.0,18.0,264.0,41.0,0.0,0.0,0.07692307692307693,2.0,5.0,2
1.0,0.0,8.0,6.0,168.0,29.0,1.0,0.0,1.0,4.0,3.0,2
0.0,0.0,2.0,2.0,13.0,2.0,0.0,0.0,-1.0,0.0,1.0,1
0.0,0.0,3.0,3.0,30.0,3.0,0.0,0.0,-1.0,0.0,0.0,1
1.0,0.0,2.0,2.0,16.0,2.0,0.0,1.0,0.0,1.0,0.0,1
0.0,0.0,1.0,1.0,61.0,10.0,0.0,2.0,-1.0,0.0,3.0,2
15.0,0.0,21.0,21.0,315.0,42.0,0.0,0.0,0.23809523809523808,0.0,5.0,2
4.0,0.0,5.0,2.0,108.0,11.0,0.0,0.0,0.0,0.0,0.0,1
10.0,0.0,21.0,12.0,268.0,41.0,0.0,0.0,0.0,1.0,5.0,2
2.0,0.0,5.0,4.0,28.0,6.0,0.0,1.0,0.4,1.0,1.0,1
0.0,0.0,2.0,1.0,127.0,25.0,0.0,2.0,-1.0,0.0,3.0,2
1.0,0.0,4.0,4.0,39.0,4.0,0.0,2.0,0.5,0.0,1.0,2
0.0,0.0,1.0,0.0,15.0,1.0,0.0,0.0,-1.0,0.0,1.0,1
0.0,0.0,6.0,0.0,44.0,6.0,4.0,0.0,-1.0,7.0,0.0,2
1.0,0.0,3.0,3.0,25.0,3.0,0.0,0.0,0.6666666666666666,1.0,0.0,2
0.0,0.0,11.0,11.0,37.0,11.0,0.0,0.0,-1.0,0.0,0.0,2
1.0,0.0,2.0,2.0,26.0,6.0,0.0,0.0,0.0,1.0,0.0,2
1.0,0.0,5.0,3.0,60.0,7.0,0.0,1.0,0.4,4.0,2.0,1
13.0,7.0,16.0,13.0,195.0,27.0,0.0,1.0,0.625,0.0,3.0,2
1.0,1.0,2.0,2.0,31.0,4.0,0.0,1.0,0.0,0.0,0.0,1
1.0,0.0,3.0,3.0,30.0,3.0,0.0,0.0,0.0,2.0,0.0,2
0.0,0.0,4.0,4.0,26.0,4.0,1.0,1.0,-1.0,1.0,0.0,1
0.0,0.0,31.0,31.0,121.0,31.0,0.0,0.0,-1.0,0.0,0.0,2
4.0,0.0,17.0,3.0,258.0,56.0,0.0,1.0,0.0,0.0,1.0,1
6.0,0.0,11.0,11.0,128.0,11.0,0.0,0.0,0.2727272727272727,29.0,3.0,2
0.0,0.0,2.0,0.0,17.0,2.0,1.0,0.0,-1.0,3.0,1.0,2
1.0,0.0,6.0,1.0,177.0,17.0,0.0,0.0,0.0,1.0,10.0,1
0.0,0.0,1.0,1.0,8.0,1.0,0.0,0.0,-1.0,0.0,0.0,1
0.0,0.0,7.0,7.0,109.0,7.0,0.0,0.0,-1.0,0.0,1.0,2
2.0,0.0,15.0,13.0,290.0,15.0,0.0,0.0,0.13333333333333333,0.0,5.0,1
5.0,0.0,8.0,7.0,126.0,14.0,0.0,0.0,0.0,3.0,0.0,2
0.0,0.0,4.0,3.0,21.0,5.0,0.0,0.0,-1.0,0.0,1.0,1
3.0,0.0,4.0,4.0,62.0,9.0,0.0,0.0,0.0,0.0,2.0,1
0.0,0.0,10.0,10.0,26.0,10.0,1.0,1.0,-1.0,0.0,1.0,1
3.0,0.0,4.0,4.0,47.0,7.0,0.0,1.0,0.0,0.0,2.0,1
14.0,0.0,29.0,14.0,257.0,46.0,0.0,0.0,0.3448275862068966,1.0,12.0,2
0.0,0.0,1.0,1.0,5.0,1.0,0.0,1.0,-1.0,0.0,0.0,2
28.0,1.0,46.0,43.0,467.0,75.0,0.0,1.0,0.13043478260869565,2.0,7.0,2
4.0,0.0,16.0,15.0,275.0,45.0,0.0,0.0,0.0,3.0,2.0,2
0.0,0.0,4.0,0.0,60.0,12.0,0.0,1.0,-1.0,0.0,1.0,1
5.0,0.0,5.0,4.0,65.0,10.0,0.0,1.0,0.0,0.0,5.0,1
23.0,0.0,67.0,36.0,977.0,157.0,0.0,0.0,0.08955223880597014,14.0,14.0,2
0.0,0.0,5.0,5.0,49.0,5.0,0.0,0.0,-1.0,0.0,1.0,2
1.0,0.0,3.0,3.0,28.0,3.0,2.0,0.0,0.6666666666666666,1.0,1.0,2
14.0,0.0,24.0,18.0,354.0,48.0,0.0,0.0,0.08333333333333333,0.0,9.0,2
3.0,0.0,5.0,3.0,62.0,8.0,0.0,3.0,0.4,1.0,2.0,2
14.0,0.0,30.0,14.0,259.0,47.0,0.0,0.0,0.36666666666666664,1.0,11.0,1
19.0,0.0,22.0,17.0,271.0,40.0,0.0,0.0,0.0,0.0,7.0,2
0.0,0.0,13.0,13.0,85.0,13.0,0.0,1.0,-1.0,0.0,0.0,2
7.0,7.0,5.0,3.0,106.0,9.0,0.0,2.0,1.0,2.0,3.0,2
2.0,0.0,4.0,4.0,35.0,4.0,0.0,0.0,0.5,2.0,0.0,2
6.0,0.0,12.0,12.0,118.0,14.0,0.0,0.0,0.3333333333333333,1.0,2.0,2
11.0,7.0,7.0,7.0,110.0,7.0,0.0,0.0,0.0,6.0,0.0,1
0.0,0.0,0.0,0.0,4.0,0.0,0.0,0.0,-1.0,0.0,0.0,1
8.0,0.0,12.0,6.0,182.0,26.0,0.0,2.0,0.3333333333333333,1.0,2.0,2
0.0,0.0,1.0,1.0,5.0,1.0,0.0,1.0,-1.0,0.0,2.0,1
3.0,2.0,2.0,2.0,42.0,4.0,0.0,0.0,0.0,1.0,0.0,1
0.0,0.0,6.0,5.0,62.0,7.0,0.0,2.0,-1.0,1.0,2.0,2
2.0,0.0,4.0,4.0,93.0,10.0,0.0,1.0,1.0,2.0,1.0,2
3.0,0.0,14.0,12.0,152.0,24.0,0.0,1.0,0.21428571428571427,9.0,4.0,2
2.0,0.0,3.0,3.0,41.0,4.0,0.0,0.0,0.0,0.0,0.0,1
0.0,0.0,1.0,1.0,12.0,2.0,0.0,0.0,-1.0,2.0,0.0,2
0.0,0.0,2.0,2.0,12.0,3.0,0.0,1.0,-1.0,0.0,1.0,1
11.0,0.0,20.0,13.0,399.0,61.0,0.0,0.0,0.15,0.0,6.0,1
0.0,0.0,4.0,4.0,22.0,4.0,3.0,0.0,-1.0,2.0,0.0,2
0.0,0.0,23.0,21.0,98.0,29.0,0.0,0.0,-1.0,0.0,1.0,2
20.0,0.0,17.0,13.0,364.0,46.0,0.0,2.0,0.29411764705882354,1.0,9.0,2
0.0,0.0,4.0,3.0,55.0,6.0,1.0,0.0,-1.0,2.0,1.0,2
41.0,0.0,33.0,27.0,401.0,56.0,0.0,0.0,0.0,3.0,8.0,2
0.0,0.0,1.0,0.0,3.0,1.0,0.0,0.0,-1.0,0.0,0.0,1
0.0,0.0,2.0,2.0,8.0,2.0,0.0,2.0,-1.0,0.0,1.0,1
0.0,0.0,3.0,3.0,76.0,16.0,0.0,2.0,-1.0,0.0,3.0,1
2.0,0.0,4.0,4.0,59.0,13.0,0.0,0.0,0.5,0.0,5.0,1
0.0,0.0,4.0,4.0,81.0,17.0,0.0,1.0,-1.0,0.0,3.0,1
7.0,0.0,4.0,1.0,23.0,4.0,2.0,0.0,1.0,3.0,1.0,2
0.0,0.0,1.0,0.0,3.0,1.0,0.0,0.0,-1.0,1.0,2.0,2
1.0,0.0,4.0,4.0,16.0,4.0,0.0,1.0,0.0,0.0,6.0,1
6.0,0.0,3.0,3.0,54.0,10.0,0.0,0.0,0.0,0.0,1.0,1
2.0,0.0,5.0,1.0,45.0,12.0,2.0,0.0,0.6,1.0,6.0,2
0.0,0.0,1.0,1.0,7.0,2.0,0.0,0.0,-1.0,0.0,0.0,2
4.0,0.0,6.0,2.0,47.0,7.0,0.0,0.0,0.5,1.0,2.0,2
1.0,0.0,21.0,20.0,207.0,37.0,0.0,3.0,0.6190476190476191,2.0,14.0,1
1.0,1.0,3.0,3.0,18.0,4.0,0.0,0.0,0.6666666666666666,0.0,1.0,1
2.0,0.0,8.0,7.0,56.0,8.0,0.0,0.0,0.375,2.0,7.0,2
0.0,0.0,2.0,2.0,8.0,2.0,0.0,0.0,-1.0,0.0,1.0,1
0.0,0.0,1.0,0.0,3.0,1.0,0.0,0.0,-1.0,1.0,3.0,2
0.0,0.0,3.0,3.0,11.0,3.0,4.0,1.0,-1.0,5.0,1.0,1
0.0,0.0,2.0,2.0,4.0,2.0,1.0,1.0,-1.0,1.0,2.0,2
0.0,0.0,2.0,2.0,8.0,2.0,0.0,1.0,-1.0,0.0,2.0,1
4.0,0.0,4.0,4.0,77.0,6.0,0.0,0.0,0.5,0.0,3.0,1
5.0,0.0,3.0,2.0,46.0,8.0,0.0,2.0,0.0,0.0,6.0,1
1.0,1.0,8.0,7.0,60.0,8.0,0.0,1.0,0.875,7.0,5.0,2
1.0,0.0,15.0,10.0,151.0,25.0,0.0,2.0,0.6666666666666666,3.0,13.0,1
0.0,0.0,2.0,1.0,8.0,2.0,0.0,0.0,-1.0,2.0,1.0,2
1.0,0.0,2.0,1.0,10.0,2.0,0.0,1.0,0.0,0.0,0.0,2
0.0,0.0,2.0,2.0,7.0,2.0,2.0,0.0,-1.0,1.0,0.0,2
2.0,1.0,14.0,14.0,55.0,16.0,0.0,1.0,0.42857142857142855,5.0,9.0,2
1.0,1.0,1.0,1.0,9.0,1.0,0.0,2.0,0.0,1.0,4.0,2
4.0,0.0,4.0,3.0,44.0,5.0,0.0,0.0,0.0,1.0,5.0,2
0.0,0.0,14.0,0.0,16.0,14.0,1.0,0.0,-1.0,4.0,0.0,2
0.0,0.0,2.0,2.0,15.0,5.0,0.0,2.0,-1.0,0.0,1.0,1
0.0,0.0,5.0,5.0,17.0,5.0,0.0,0.0,-1.0,130.0,2.0,1
4.0,0.0,4.0,3.0,45.0,5.0,0.0,0.0,0.0,1.0,6.0,2
2.0,0.0,4.0,4.0,26.0,5.0,0.0,1.0,0.0,1.0,5.0,2
0.0,0.0,2.0,2.0,20.0,3.0,0.0,0.0,-1.0,0.0,5.0,1
1.0,0.0,5.0,4.0,18.0,5.0,0.0,0.0,0.0,0.0,1.0,1
0.0,0.0,2.0,2.0,7.0,2.0,1.0,0.0,-1.0,1.0,0.0,2
0.0,0.0,7.0,7.0,23.0,7.0,0.0,0.0,-1.0,0.0,2.0,1
4.0,0.0,6.0,6.0,31.0,7.0,0.0,0.0,0.5,4.0,3.0,1
0.0,0.0,19.0,19.0,59.0,19.0,0.0,0.0,-1.0,0.0,0.0,2
2.0,0.0,12.0,9.0,53.0,13.0,0.0,2.0,0.3333333333333333,0.0,4.0,1
1.0,0.0,3.0,3.0,35.0,6.0,0.0,0.0,1.0,0.0,5.0,1
0.0,0.0,6.0,6.0,26.0,7.0,0.0,3.0,-1.0,2.0,10.0,2
3.0,1.0,4.0,4.0,37.0,8.0,2.0,2.0,1.0,1.0,8.0,1
0.0,0.0,1.0,1.0,5.0,1.0,0.0,0.0,-1.0,0.0,0.0,2
0.0,0.0,3.0,3.0,17.0,5.0,0.0,2.0,-1.0,0.0,2.0,2
9.0,8.0,80.0,78.0,605.0,154.0,0.0,0.0,0.3875,6.0,9.0,2
0.0,0.0,2.0,1.0,10.0,3.0,0.0,0.0,-1.0,1.0,0.0,2
3.0,0.0,4.0,0.0,38.0,9.0,3.0,0.0,0.75,3.0,2.0,2
1.0,0.0,14.0,11.0,71.0,22.0,1.0,2.0,0.5,3.0,4.0,1
0.0,0.0,4.0,3.0,23.0,6.0,4.0,1.0,-1.0,0.0,1.0,1
0.0,0.0,3.0,3.0,19.0,3.0,0.0,0.0,-1.0,0.0,0.0,2
0.0,0.0,3.0,2.0,11.0,3.0,0.0,0.0,-1.0,0.0,2.0,1
13.0,0.0,37.0,23.0,390.0,59.0,1.0,0.0,0.21621621621621623,2.0,10.0,2
5.0,0.0,11.0,3.0,46.0,13.0,0.0,0.0,0.0,4.0,0.0,2
1.0,0.0,6.0,5.0,33.0,6.0,1.0,1.0,0.6666666666666666,2.0,2.0,2
3.0,1.0,9.0,7.0,82.0,17.0,0.0,0.0,0.5555555555555556,3.0,5.0,2
1.0,0.0,12.0,10.0,136.0,31.0,1.0,0.0,1.0,11.0,24.0,2
1.0,0.0,13.0,13.0,72.0,15.0,0.0,0.0,0.8461538461538461,6.0,4.0,1
0.0,0.0,1.0,1.0,5.0,1.0,0.0,0.0,-1.0,1.0,1.0,2
0.0,0.0,3.0,3.0,28.0,7.0,0.0,1.0,-1.0,0.0,2.0,1
1.0,0.0,2.0,2.0,10.0,2.0,0.0,0.0,0.0,0.0,2.0,1
0.0,0.0,2.0,2.0,4.0,2.0,2.0,0.0,-1.0,9.0,0.0,2
6.0,1.0,150.0,119.0,1196.0,282.0,4.0,2.0,0.37333333333333335,78.0,26.0,2
0.0,0.0,1.0,1.0,14.0,3.0,0.0,0.0,-1.0,0.0,1.0,1
0.0,0.0,12.0,9.0,67.0,15.0,0.0,0.0,-1.0,3.0,7.0,1
3.0,0.0,16.0,15.0,113.0,23.0,0.0,0.0,0.125,5.0,6.0,2
6.0,0.0,9.0,7.0,73.0,17.0,0.0,0.0,0.0,2.0,4.0,2
2.0,0.0,3.0,1.0,22.0,4.0,0.0,0.0,0.0,1.0,2.0,2
1.0,0.0,4.0,4.0,16.0,4.0,0.0,0.0,0.0,0.0,1.0,1
1.0,0.0,16.0,12.0,92.0,23.0,0.0,0.0,0.9375,0.0,9.0,1
0.0,0.0,2.0,2.0,9.0,2.0,0.0,1.0,-1.0,0.0,2.0,1
4.0,0.0,21.0,12.0,117.0,26.0,8.0,0.0,0.14285714285714285,4.0,10.0,2
7.0,0.0,4.0,1.0,104.0,15.0,0.0,0.0,0.0,2.0,1.0,2
0.0,0.0,2.0,2.0,4.0,2.0,2.0,0.0,-1.0,3.0,1.0,2
1.0,0.0,5.0,4.0,18.0,5.0,0.0,0.0,0.0,1.0,1.0,2
0.0,0.0,1.0,0.0,3.0,1.0,0.0,0.0,-1.0,1.0,0.0,2
0.0,0.0,5.0,5.0,91.0,16.0,0.0,0.0,-1.0,1.0,8.0,2
0.0,0.0,1.0,1.0,5.0,1.0,0.0,0.0,-1.0,0.0,3.0,1
9.0,0.0,101.0,97.0,453.0,132.0,0.0,0.0,0.693069306930693,26.0,11.0,2
0.0,0.0,2.0,2.0,11.0,2.0,0.0,0.0,-1.0,0.0,1.0,2
5.0,0.0,26.0,18.0,184.0,43.0,1.0,0.0,0.2692307692307692,1.0,10.0,2
2.0,1.0,0.0,0.0,4.0,0.0,0.0,0.0,-1.0,1.0,1.0,2
1.0,0.0,5.0,5.0,19.0,5.0,0.0,1.0,0.8,2.0,4.0,1
1.0,1.0,1.0,1.0,9.0,1.0,0.0,0.0,0.0,1.0,1.0,2
2.0,0.0,6.0,4.0,30.0,6.0,0.0,0.0,0.5,0.0,2.0,1
3.0,0.0,1.0,1.0,42.0,3.0,0.0,0.0,0.0,1.0,2.0,1
1.0,0.0,2.0,1.0,43.0,6.0,0.0,0.0,0.0,0.0,2.0,1
3.0,0.0,25.0,16.0,129.0,34.0,1.0,1.0,0.28,35.0,12.0,2
0.0,0.0,1.0,0.0,15.0,1.0,1.0,0.0,-1.0,1.0,0.0,2
5.0,0.0,9.0,9.0,45.0,10.0,0.0,0.0,0.0,10.0,3.0,2
4.0,0.0,10.0,10.0,163.0,10.0,0.0,0.0,0.4,0.0,3.0,2
2.0,0.0,13.0,13.0,54.0,14.0,0.0,0.0,1.0,1.0,6.0,2
2.0,0.0,2.0,2.0,63.0,11.0,0.0,0.0,0.0,0.0,1.0,1
4.0,0.0,10.0,8.0,158.0,24.0,0.0,0.0,0.0,0.0,3.0,2
2.0,0.0,3.0,0.0,14.0,3.0,0.0,0.0,0.0,2.0,0.0,2
0.0,0.0,2.0,2.0,9.0,2.0,0.0,2.0,-1.0,0.0,0.0,1
0.0,0.0,6.0,6.0,20.0,6.0,0.0,1.0,-1.0,0.0,4.0,1
6.0,0.0,17.0,7.0,112.0,24.0,7.0,1.0,0.11764705882352941,1.0,8.0,2
0.0,0.0,5.0,4.0,79.0,16.0,0.0,0.0,-1.0,0.0,3.0,1
0.0,0.0,1.0,1.0,6.0,1.0,0.0,0.0,-1.0,0.0,1.0,1
1.0,0.0,6.0,0.0,73.0,25.0,2.0,2.0,0.5,0.0,2.0,1
5.0,0.0,6.0,1.0,57.0,10.0,0.0,0.0,0.0,1.0,4.0,2
1.0,0.0,9.0,9.0,37.0,12.0,0.0,0.0,0.0,2.0,1.0,2
4.0,0.0,10.0,10.0,66.0,10.0,0.0,1.0,0.3,0.0,3.0,1
0.0,0.0,2.0,0.0,131.0,41.0,0.0,0.0,-1.0,0.0,0.0,1
0.0,0.0,0.0,0.0,2.0,0.0,0.0,0.0,-1.0,0.0,0.0,1
4.0,0.0,18.0,10.0,261.0,49.0,0.0,2.0,0.1111111111111111,2.0,22.0,1
1.0,0.0,3.0,3.0,49.0,5.0,0.0,0.0,0.0,1.0,3.0,1
6.0,1.0,84.0,73.0,661.0,127.0,0.0,0.0,0.19047619047619047,2.0,29.0,2
0.0,0.0,12.0,12.0,22.0,12.0,2.0,0.0,-1.0,1.0,0.0,2
1.0,0.0,1.0,1.0,28.0,1.0,0.0,0.0,0.0,0.0,0.0,1
0.0,0.0,4.0,3.0,47.0,11.0,0.0,0.0,-1.0,5.0,4.0,1
7.0,0.0,16.0,12.0,122.0,31.0,0.0,3.0,0.375,2.0,15.0,2
0.0,0.0,23.0,19.0,202.0,42.0,0.0,0.0,-1.0,1.0,27.0,2
0.0,0.0,2.0,0.0,5.0,2.0,2.0,0.0,-1.0,2.0,0.0,2
2.0,0.0,3.0,2.0,24.0,3.0,0.0,0.0,0.0,0.0,0.0,1
0.0,0.0,1.0,1.0,42.0,2.0,0.0,0.0,-1.0,0.0,4.0,1
3.0,0.0,3.0,3.0,18.0,3.0,0.0,0.0,0.6666666666666666,0.0,5.0,1
0.0,0.0,3.0,3.0,12.0,3.0,0.0,0.0,-1.0,1.0,0.0,2
0.0,0.0,0.0,0.0,2.0,0.0,2.0,0.0,-1.0,0.0,0.0,1
0.0,0.0,1.0,1.0,37.0,4.0,0.0,0.0,-1.0,0.0,5.0,2
2.0,0.0,10.0,8.0,39.0,10.0,0.0,3.0,0.6,0.0,2.0,2
0.0,0.0,1.0,0.0,5.0,1.0,0.0,0.0,-1.0,0.0,0.0,2
2.0,0.0,4.0,3.0,31.0,5.0,2.0,0.0,0.5,1.0,2.0,2
8.0,0.0,12.0,10.0,139.0,25.0,0.0,0.0,0.4166666666666667,1.0,5.0,2
0.0,0.0,2.0,2.0,13.0,3.0,0.0,0.0,-1.0,0.0,3.0,1
0.0,0.0,6.0,2.0,22.0,6.0,0.0,0.0,-1.0,4.0,3.0,1
0.0,0.0,20.0,15.0,198.0,26.0,0.0,0.0,-1.0,2.0,13.0,2
0.0,0.0,0.0,0.0,2.0,0.0,0.0,0.0,-1.0,1.0,1.0,2
2.0,0.0,11.0,10.0,53.0,13.0,0.0,3.0,0.2727272727272727,2.0,14.0,2
0.0,0.0,8.0,0.0,10.0,8.0,0.0,1.0,-1.0,8.0,1.0,2
0.0,0.0,4.0,3.0,14.0,4.0,0.0,0.0,-1.0,0.0,1.0,1
0.0,0.0,2.0,2.0,8.0,2.0,0.0,0.0,-1.0,1.0,1.0,2
15.0,1.0,26.0,26.0,159.0,36.0,0.0,0.0,0.07692307692307693,4.0,7.0,1
0.0,0.0,35.0,35.0,37.0,35.0,1.0,0.0,-1.0,4.0,0.0,2
0.0,0.0,7.0,0.0,33.0,7.0,0.0,0.0,-1.0,3.0,0.0,2
0.0,0.0,1.0,1.0,3.0,1.0,0.0,0.0,-1.0,1.0,0.0,2
1.0,0.0,2.0,2.0,10.0,2.0,0.0,0.0,0.0,0.0,3.0,1
2.0,2.0,3.0,3.0,13.0,3.0,0.0,0.0,0.6666666666666666,2.0,1.0,2
0.0,0.0,0.0,0.0,2.0,0.0,0.0,0.0,-1.0,0.0,0.0,1
1.0,0.0,2.0,2.0,10.0,2.0,0.0,0.0,0.0,0.0,2.0,1
2.0,1.0,13.0,13.0,44.0,13.0,0.0,2.0,0.38461538461538464,6.0,6.0,2
2.0,0.0,8.0,4.0,95.0,23.0,0.0,1.0,0.25,7.0,3.0,2
0.0,0.0,1.0,0.0,3.0,1.0,1.0,0.0,-1.0,0.0,0.0,1
5.0,0.0,9.0,9.0,45.0,10.0,0.0,0.0,0.0,10.0,3.0,2
11.0,0.0,15.0,11.0,261.0,40.0,0.0,0.0,0.13333333333333333,2.0,0.0,2
6.0,0.0,5.0,4.0,41.0,7.0,0.0,0.0,0.0,3.0,0.0,2
2.0,0.0,6.0,5.0,34.0,8.0,0.0,6.0,0.8333333333333334,0.0,6.0,2
0.0,0.0,1.0,1.0,17.0,3.0,0.0,0.0,-1.0,0.0,4.0,2
1.0,1.0,1.0,1.0,9.0,1.0,0.0,2.0,0.0,1.0,4.0,2
1.0,1.0,8.0,7.0,63.0,8.0,0.0,1.0,0.875,4.0,5.0,2
2.0,0.0,2.0,2.0,15.0,3.0,0.0,0.0,0.0,0.0,1.0,1
0.0,0.0,1.0,1.0,3.0,1.0,0.0,0.0,-1.0,1.0,0.0,2
0.0,0.0,1.0,0.0,5.0,1.0,0.0,3.0,-1.0,0.0,0.0,1
3.0,0.0,14.0,12.0,64.0,14.0,2.0,0.0,0.35714285714285715,5.0,1.0,2
0.0,0.0,5.0,5.0,21.0,5.0,0.0,3.0,-1.0,2.0,10.0,2
0.0,0.0,1.0,1.0,19.0,2.0,0.0,0.0,-1.0,0.0,4.0,1
5.0,0.0,8.0,6.0,105.0,20.0,0.0,0.0,0.625,24.0,14.0,2
0.0,0.0,2.0,2.0,14.0,3.0,0.0,0.0,-1.0,0.0,2.0,1
3.0,0.0,2.0,2.0,70.0,13.0,0.0,0.0,0.0,0.0,1.0,1
0.0,0.0,3.0,0.0,8.0,3.0,0.0,0.0,-1.0,0.0,1.0,1
0.0,0.0,1.0,1.0,3.0,1.0,0.0,0.0,-1.0,1.0,0.0,2
2.0,0.0,3.0,3.0,27.0,4.0,0.0,1.0,0.0,0.0,3.0,2
0.0,0.0,2.0,2.0,31.0,4.0,0.0,0.0,-1.0,0.0,1.0,2
6.0,0.0,17.0,7.0,113.0,24.0,7.0,1.0,0.11764705882352941,1.0,8.0,2
2.0,0.0,3.0,2.0,24.0,3.0,0.0,0.0,0.0,1.0,0.0,2
0.0,0.0,1.0,1.0,8.0,1.0,0.0,0.0,-1.0,1.0,0.0,2
0.0,0.0,2.0,2.0,10.0,2.0,0.0,0.0,-1.0,0.0,2.0,1
0.0,0.0,2.0,2.0,24.0,5.0,0.0,1.0,-1.0,0.0,3.0,1
0.0,0.0,0.0,0.0,2.0,0.0,0.0,0.0,-1.0,1.0,0.0,1
0.0,0.0,1.0,1.0,30.0,4.0,0.0,2.0,-1.0,0.0,1.0,1
21.0,0.0,20.0,14.0,220.0,41.0,0.0,1.0,0.1,1.0,8.0,2
0.0,0.0,1.0,1.0,6.0,1.0,0.0,0.0,-1.0,3.0,0.0,2
2.0,0.0,4.0,4.0,71.0,16.0,0.0,1.0,0.5,0.0,2.0,1
3.0,0.0,11.0,9.0,77.0,17.0,0.0,0.0,0.18181818181818182,2.0,12.0,2
2.0,0.0,4.0,3.0,18.0,4.0,0.0,0.0,0.5,0.0,6.0,2
0.0,0.0,1.0,1.0,5.0,1.0,0.0,2.0,-1.0,0.0,0.0,1
3.0,0.0,3.0,3.0,35.0,6.0,0.0,0.0,0.0,0.0,6.0,1
0.0,0.0,6.0,6.0,20.0,6.0,0.0,0.0,-1.0,0.0,2.0,1
3.0,0.0,2.0,2.0,44.0,7.0,0.0,0.0,0.0,0.0,3.0,1
3.0,0.0,55.0,51.0,338.0,70.0,0.0,0.0,0.8363636363636363,6.0,12.0,1
1.0,0.0,9.0,8.0,41.0,9.0,0.0,0.0,0.5555555555555556,1.0,1.0,2
8.0,1.0,14.0,14.0,73.0,15.0,0.0,0.0,0.0,11.0,5.0,2
1.0,0.0,11.0,11.0,65.0,15.0,0.0,0.0,0.5454545454545454,0.0,6.0,1
1.0,1.0,1.0,1.0,8.0,1.0,0.0,0.0,0.0,0.0,2.0,2
6.0,0.0,5.0,4.0,41.0,7.0,0.0,0.0,0.0,3.0,0.0,2
5.0,5.0,13.0,5.0,64.0,16.0,0.0,1.0,0.6923076923076923,7.0,0.0,2
2.0,0.0,4.0,4.0,36.0,8.0,0.0,0.0,1.0,0.0,5.0,1
0.0,0.0,1.0,1.0,5.0,1.0,0.0,1.0,-1.0,0.0,3.0,2
0.0,0.0,2.0,2.0,11.0,2.0,0.0,0.0,-1.0,1.0,1.0,2
0.0,0.0,4.0,4.0,16.0,4.0,0.0,0.0,-1.0,0.0,2.0,1
1.0,0.0,9.0,6.0,30.0,9.0,0.0,0.0,0.6666666666666666,10.0,4.0,1
0.0,0.0,1.0,1.0,3.0,1.0,0.0,0.0,-1.0,0.0,0.0,1
1.0,0.0,9.0,9.0,37.0,12.0,0.0,0.0,0.0,2.0,1.0,2
4.0,0.0,5.0,5.0,27.0,5.0,0.0,0.0,0.0,0.0,1.0,1
0.0,0.0,4.0,4.0,23.0,4.0,0.0,1.0,-1.0,1.0,2.0,2
0.0,0.0,9.0,9.0,11.0,9.0,1.0,0.0,-1.0,4.0,0.0,2
3.0,0.0,9.0,9.0,47.0,13.0,0.0,1.0,0.0,1.0,6.0,2
5.0,0.0,0.0,0.0,7.0,0.0,0.0,0.0,-1.0,1.0,2.0,1
1.0,1.0,4.0,3.0,16.0,4.0,0.0,2.0,1.0,20.0,7.0,2
0.0,0.0,4.0,4.0,14.0,4.0,0.0,3.0,-1.0,0.0,0.0,1
0.0,0.0,3.0,3.0,11.0,3.0,0.0,1.0,-1.0,0.0,1.0,1
0.0,0.0,3.0,2.0,14.0,3.0,0.0,3.0,-1.0,0.0,5.0,1
0.0,0.0,1.0,1.0,6.0,1.0,0.0,0.0,-1.0,0.0,1.0,1
1.0,0.0,103.0,102.0,362.0,106.0,0.0,0.0,0.038834951456310676,2.0,8.0,1
0.0,0.0,1.0,1.0,79.0,18.0,0.0,2.0,-1.0,0.0,2.0,1
0.0,0.0,2.0,2.0,26.0,5.0,0.0,0.0,-1.0,1.0,1.0,2
1.0,0.0,2.0,2.0,13.0,3.0,0.0,2.0,1.0,0.0,1.0,1
2.0,0.0,35.0,21.0,138.0,46.0,2.0,1.0,0.42857142857142855,8.0,11.0,2
0.0,0.0,2.0,2.0,6.0,2.0,2.0,0.0,-1.0,1.0,2.0,1
0.0,0.0,15.0,15.0,65.0,16.0,0.0,0.0,-1.0,2.0,7.0,2
2.0,0.0,3.0,3.0,19.0,4.0,0.0,0.0,0.0,0.0,1.0,1
0.0,0.0,2.0,1.0,10.0,2.0,0.0,1.0,-1.0,0.0,0.0,2
0.0,0.0,1.0,1.0,5.0,1.0,0.0,0.0,-1.0,1.0,2.0,2
2.0,0.0,5.0,5.0,34.0,7.0,0.0,0.0,1.0,0.0,3.0,1
0.0,0.0,3.0,3.0,11.0,3.0,0.0,2.0,-1.0,0.0,2.0,1
1.0,0.0,1.0,0.0,6.0,1.0,0.0,0.0,0.0,1.0,1.0,2
5.0,1.0,9.0,9.0,105.0,11.0,4.0,0.0,0.0,16.0,4.0,2
4.0,0.0,7.0,7.0,85.0,11.0,0.0,0.0,0.2857142857142857,6.0,3.0,1
2.0,0.0,4.0,4.0,33.0,9.0,0.0,2.0,0.0,0.0,3.0,1
1.0,0.0,2.0,2.0,12.0,4.0,0.0,0.0,0.0,1.0,0.0,2
2.0,0.0,9.0,9.0,52.0,9.0,0.0,1.0,0.4444444444444444,1.0,4.0,2
1.0,0.0,2.0,2.0,12.0,2.0,0.0,0.0,0.0,0.0,2.0,1
3.0,3.0,1.0,1.0,10.0,1.0,0.0,0.0,0.0,0.0,0.0,1
3.0,0.0,9.0,7.0,48.0,12.0,0.0,2.0,0.2222222222222222,1.0,4.0,2
0.0,0.0,6.0,5.0,35.0,8.0,0.0,1.0,-1.0,0.0,5.0,1
6.0,0.0,15.0,15.0,144.0,26.0,0.0,0.0,0.0,27.0,2.0,2
1.0,0.0,3.0,3.0,20.0,5.0,6.0,1.0,0.6666666666666666,0.0,2.0,2
1.0,0.0,4.0,4.0,18.0,4.0,0.0,0.0,1.0,2.0,0.0,2
2.0,0.0,24.0,22.0,149.0,24.0,0.0,0.0,0.875,0.0,2.0,2
3.0,0.0,3.0,2.0,41.0,5.0,0.0,0.0,0.0,0.0,3.0,1
0.0,0.0,4.0,0.0,28.0,4.0,2.0,0.0,-1.0,11.0,0.0,2
4.0,4.0,1.0,1.0,12.0,1.0,0.0,0.0,0.0,1.0,3.0,1
1.0,0.0,4.0,2.0,19.0,4.0,0.0,0.0,0.0,0.0,0.0,1
4.0,0.0,9.0,7.0,69.0,17.0,0.0,0.0,0.0,12.0,3.0,1
0.0,0.0,3.0,3.0,9.0,3.0,0.0,1.0,-1.0,0.0,0.0,1
0.0,0.0,9.0,8.0,39.0,11.0,0.0,2.0,-1.0,3.0,3.0,2
7.0,0.0,7.0,7.0,53.0,10.0,0.0,0.0,0.2857142857142857,3.0,4.0,2
3.0,0.0,6.0,4.0,38.0,8.0,3.0,0.0,0.5,7.0,1.0,2
7.0,0.0,13.0,12.0,107.0,20.0,0.0,0.0,0.23076923076923078,2.0,0.0,2
3.0,0.0,4.0,4.0,19.0,4.0,0.0,0.0,0.0,1.0,1.0,2
1.0,0.0,3.0,3.0,12.0,3.0,0.0,0.0,1.0,0.0,0.0,1
1.0,0.0,4.0,4.0,16.0,5.0,0.0,2.0,0.5,1.0,0.0,1
1.0,0.0,4.0,4.0,17.0,4.0,0.0,1.0,1.0,0.0,0.0,2
0.0,0.0,9.0,6.0,57.0,9.0,0.0,0.0,-1.0,0.0,1.0,1
0.0,0.0,1.0,0.0,10.0,1.0,0.0,0.0,-1.0,1.0,0.0,2
0.0,0.0,5.0,5.0,12.0,5.0,0.0,1.0,-1.0,0.0,1.0,2
1.0,0.0,5.0,4.0,33.0,11.0,0.0,0.0,0.4,0.0,3.0,1
1.0,0.0,8.0,7.0,61.0,12.0,0.0,0.0,0.625,0.0,6.0,1
5.0,0.0,8.0,8.0,67.0,8.0,0.0,0.0,0.0,0.0,0.0,1
2.0,0.0,14.0,12.0,100.0,16.0,0.0,0.0,0.21428571428571427,1.0,7.0,2
13.0,0.0,24.0,13.0,177.0,34.0,2.0,0.0,0.375,2.0,10.0,2
22.0,0.0,12.0,11.0,139.0,20.0,0.0,2.0,0.16666666666666666,3.0,7.0,1
9.0,0.0,20.0,14.0,218.0,30.0,1.0,0.0,0.1,6.0,3.0,2
30.0,0.0,103.0,77.0,1490.0,138.0,0.0,0.0,0.05825242718446602,0.0,43.0,2
2.0,0.0,5.0,5.0,23.0,7.0,0.0,0.0,0.0,3.0,1.0,2
27.0,24.0,51.0,43.0,422.0,78.0,0.0,0.0,0.058823529411764705,37.0,3.0,1
9.0,0.0,11.0,9.0,69.0,13.0,0.0,2.0,0.2727272727272727,2.0,2.0,2
0.0,0.0,7.0,7.0,37.0,7.0,2.0,0.0,-1.0,3.0,2.0,2
59.0,42.0,7.0,4.0,198.0,11.0,0.0,0.0,0.42857142857142855,54.0,4.0,2
3.0,0.0,16.0,13.0,159.0,22.0,0.0,0.0,0.1875,4.0,4.0,2
13.0,0.0,10.0,5.0,134.0,26.0,0.0,0.0,0.3,3.0,9.0,1
3.0,0.0,6.0,6.0,42.0,14.0,0.0,0.0,0.0,122.0,1.0,2
1.0,0.0,5.0,3.0,31.0,5.0,0.0,1.0,0.8,0.0,1.0,1
0.0,0.0,3.0,0.0,14.0,3.0,1.0,0.0,-1.0,8.0,2.0,1
0.0,0.0,4.0,4.0,38.0,6.0,0.0,0.0,-1.0,0.0,1.0,2
3.0,1.0,4.0,4.0,34.0,7.0,0.0,1.0,0.0,3.0,3.0,1
5.0,0.0,3.0,3.0,27.0,3.0,0.0,0.0,0.6666666666666666,0.0,2.0,2
18.0,1.0,15.0,12.0,136.0,17.0,0.0,0.0,0.13333333333333333,0.0,18.0,1
6.0,0.0,8.0,7.0,57.0,11.0,0.0,2.0,0.375,1.0,3.0,2
1.0,0.0,2.0,1.0,21.0,2.0,0.0,0.0,0.0,0.0,0.0,1
3.0,0.0,3.0,3.0,28.0,5.0,0.0,1.0,0.0,2.0,3.0,1
3.0,0.0,5.0,5.0,27.0,5.0,0.0,0.0,0.0,0.0,2.0,1
0.0,0.0,1.0,1.0,5.0,1.0,0.0,0.0,-1.0,0.0,0.0,1
4.0,0.0,9.0,8.0,41.0,9.0,0.0,2.0,0.3333333333333333,3.0,2.0,2
1.0,0.0,5.0,5.0,25.0,7.0,0.0,2.0,0.4,3.0,2.0,1
1.0,0.0,2.0,1.0,10.0,3.0,0.0,0.0,1.0,0.0,1.0,1
1.0,0.0,11.0,11.0,111.0,11.0,0.0,0.0,0.2727272727272727,0.0,1.0,1
1.0,0.0,4.0,4.0,18.0,7.0,0.0,0.0,0.75,0.0,1.0,1
1.0,0.0,4.0,3.0,18.0,5.0,0.0,1.0,0.0,1.0,1.0,2
6.0,0.0,6.0,5.0,48.0,12.0,0.0,1.0,0.0,0.0,1.0,1
5.0,1.0,14.0,14.0,107.0,26.0,0.0,0.0,0.14285714285714285,2.0,5.0,1
0.0,0.0,1.0,1.0,17.0,1.0,0.0,1.0,-1.0,1.0,1.0,2
0.0,0.0,2.0,2.0,8.0,2.0,0.0,9109.0,-1.0,0.0,1.0,1
4.0,0.0,6.0,5.0,41.0,8.0,0.0,1.0,0.0,4.0,1.0,1
15.0,0.0,7.0,6.0,141.0,23.0,0.0,0.0,0.2857142857142857,1.0,13.0,2
3.0,0.0,6.0,4.0,35.0,11.0,0.0,0.0,0.0,0.0,4.0,1
2.0,2.0,1.0,0.0,8.0,1.0,0.0,0.0,0.0,1.0,1.0,1
0.0,0.0,0.0,0.0,5.0,0.0,0.0,0.0,-1.0,3.0,0.0,2
8.0,0.0,8.0,6.0,109.0,16.0,0.0,0.0,0.0,5.0,4.0,2
7.0,0.0,15.0,15.0,103.0,20.0,0.0,0.0,0.0,1.0,3.0,1
15.0,9.0,10.0,6.0,136.0,20.0,0.0,0.0,0.2,1.0,5.0,2
7.0,2.0,16.0,16.0,81.0,19.0,0.0,0.0,0.1875,3.0,1.0,1
28.0,15.0,15.0,12.0,162.0,24.0,2.0,0.0,0.4,17.0,6.0,2
7.0,0.0,6.0,5.0,69.0,15.0,0.0,0.0,0.0,0.0,1.0,1
9.0,0.0,37.0,30.0,563.0,157.0,0.0,0.0,0.5945945945945946,3.0,18.0,2
3.0,0.0,2.0,2.0,35.0,4.0,0.0,0.0,0.0,2.0,2.0,2
2.0,0.0,8.0,0.0,29.0,8.0,0.0,1.0,0.25,0.0,2.0,1
1.0,0.0,4.0,2.0,19.0,4.0,0.0,0.0,0.0,1.0,0.0,2
1.0,0.0,4.0,4.0,18.0,4.0,0.0,3.0,1.0,0.0,0.0,2
6.0,0.0,10.0,9.0,60.0,13.0,0.0,2.0,0.2,3.0,5.0,1
3.0,0.0,5.0,5.0,22.0,5.0,0.0,1.0,0.4,0.0,0.0,2
2.0,1.0,4.0,4.0,20.0,4.0,0.0,2.0,1.0,1.0,1.0,1
3.0,0.0,3.0,2.0,16.0,3.0,0.0,1.0,0.0,1.0,1.0,2
1.0,0.0,10.0,8.0,38.0,12.0,0.0,1.0,0.0,0.0,2.0,1
2.0,0.0,3.0,3.0,14.0,3.0,0.0,0.0,0.0,0.0,1.0,1
8.0,0.0,11.0,11.0,55.0,11.0,0.0,0.0,0.0,0.0,6.0,1
3.0,1.0,35.0,34.0,267.0,38.0,0.0,0.0,0.14285714285714285,0.0,17.0,1
6.0,0.0,2.0,2.0,52.0,2.0,0.0,0.0,0.0,0.0,2.0,2
0.0,0.0,3.0,0.0,19.0,3.0,2.0,0.0,-1.0,10.0,0.0,2
5.0,2.0,9.0,9.0,50.0,12.0,0.0,0.0,0.3333333333333333,17.0,2.0,2
1.0,0.0,7.0,7.0,34.0,10.0,22.0,0.0,0.0,5.0,2.0,1
9.0,0.0,11.0,10.0,66.0,12.0,0.0,2.0,0.2727272727272727,4.0,4.0,1
0.0,0.0,2.0,2.0,40.0,5.0,0.0,0.0,-1.0,0.0,2.0,1
1.0,0.0,3.0,3.0,19.0,3.0,0.0,2.0,0.6666666666666666,1.0,1.0,2
11.0,0.0,15.0,14.0,99.0,15.0,0.0,0.0,0.0,0.0,7.0,1
0.0,0.0,1.0,0.0,9.0,1.0,0.0,0.0,-1.0,3.0,0.0,2
2.0,0.0,10.0,10.0,36.0,10.0,1.0,0.0,0.3,1.0,0.0,2
10.0,1.0,13.0,12.0,89.0,19.0,0.0,1.0,0.0,19.0,3.0,2
0.0,0.0,1.0,0.0,12.0,1.0,0.0,0.0,-1.0,1.0,1.0,1
10.0,0.0,5.0,5.0,69.0,13.0,0.0,0.0,0.0,0.0,0.0,1
3.0,0.0,5.0,4.0,41.0,8.0,0.0,1.0,0.0,4.0,1.0,1
5.0,1.0,11.0,11.0,74.0,20.0,0.0,0.0,0.2727272727272727,29.0,2.0,2
6.0,1.0,11.0,10.0,133.0,13.0,0.0,0.0,0.0,1.0,7.0,1
1.0,1.0,0.0,0.0,9.0,0.0,0.0,0.0,-1.0,6.0,0.0,2
6.0,0.0,4.0,3.0,25.0,4.0,5.0,0.0,0.0,0.0,2.0,1
2.0,0.0,5.0,5.0,26.0,7.0,0.0,0.0,0.0,2.0,1.0,2
18.0,1.0,16.0,10.0,228.0,41.0,0.0,2.0,0.125,27.0,8.0,1
6.0,0.0,8.0,7.0,54.0,10.0,0.0,2.0,0.375,1.0,2.0,2
0.0,0.0,3.0,0.0,18.0,3.0,0.0,0.0,-1.0,2.0,0.0,2
7.0,0.0,8.0,7.0,55.0,10.0,0.0,2.0,0.375,1.0,4.0,2
1.0,0.0,12.0,9.0,114.0,12.0,0.0,0.0,0.25,1.0,3.0,2
2.0,0.0,4.0,4.0,30.0,5.0,0.0,0.0,0.75,1.0,4.0,2
0.0,0.0,1.0,1.0,11.0,1.0,1.0,0.0,-1.0,21.0,1.0,2
1.0,0.0,4.0,3.0,16.0,5.0,0.0,0.0,0.75,0.0,1.0,1
4.0,0.0,2.0,2.0,18.0,3.0,0.0,0.0,0.0,0.0,1.0,1
6.0,0.0,13.0,0.0,57.0,14.0,0.0,0.0,0.0,1.0,0.0,2
0.0,0.0,1.0,1.0,24.0,5.0,0.0,0.0,-1.0,0.0,0.0,1
1.0,0.0,5.0,4.0,30.0,6.0,0.0,0.0,0.6,0.0,4.0,1
1.0,0.0,2.0,2.0,9.0,2.0,0.0,1.0,0.0,1.0,2.0,2
0.0,0.0,2.0,2.0,36.0,7.0,0.0,2.0,-1.0,0.0,4.0,1
5.0,0.0,6.0,6.0,56.0,10.0,0.0,1.0,0.3333333333333333,1.0,5.0,2
1.0,0.0,6.0,5.0,26.0,6.0,0.0,1.0,0.0,1.0,0.0,2
18.0,0.0,17.0,10.0,237.0,46.0,0.0,2.0,0.11764705882352941,32.0,12.0,2
5.0,0.0,10.0,9.0,47.0,11.0,0.0,0.0,0.6,0.0,2.0,1
1.0,0.0,4.0,3.0,48.0,8.0,0.0,0.0,0.75,2.0,2.0,2
0.0,0.0,1.0,0.0,3.0,1.0,0.0,0.0,-1.0,1.0,1.0,2
1.0,0.0,1.0,1.0,6.0,1.0,0.0,0.0,0.0,1.0,0.0,2
4.0,0.0,14.0,10.0,68.0,14.0,1.0,0.0,-1.0,7.0,2.0,2
1.0,1.0,15.0,15.0,80.0,15.0,1.0,0.0,-1.0,4.0,1.0,1
4.0,0.0,18.0,16.0,240.0,25.0,0.0,0.0,0.16666666666666666,1.0,6.0,2
59.0,0.0,59.0,24.0,973.0,205.0,0.0,1.0,0.0847457627118644,4.0,39.0,2
21.0,5.0,25.0,15.0,481.0,104.0,0.0,0.0,0.2,6.0,24.0,1
0.0,0.0,2.0,2.0,40.0,8.0,0.0,2.0,-1.0,0.0,4.0,1
16.0,0.0,24.0,0.0,115.0,26.0,0.0,2.0,0.16666666666666666,0.0,6.0,1
5.0,0.0,7.0,4.0,65.0,7.0,0.0,0.0,0.0,1.0,4.0,2
1.0,0.0,23.0,15.0,161.0,30.0,0.0,0.0,0.0,0.0,2.0,1
0.0,0.0,3.0,2.0,16.0,4.0,0.0,1.0,-1.0,1.0,2.0,2
1.0,0.0,2.0,2.0,9.0,2.0,0.0,1.0,1.0,0.0,0.0,2
1.0,0.0,1.0,1.0,54.0,2.0,0.0,0.0,0.0,0.0,16.0,1
0.0,0.0,7.0,7.0,34.0,7.0,0.0,2.0,-1.0,3.0,5.0,2
5.0,0.0,11.0,10.0,63.0,13.0,0.0,2.0,0.2727272727272727,0.0,2.0,1
2.0,0.0,11.0,11.0,36.0,11.0,0.0,1.0,0.8181818181818182,0.0,3.0,1
2.0,0.0,3.0,3.0,17.0,3.0,0.0,1.0,0.0,0.0,0.0,1
4.0,0.0,7.0,7.0,54.0,15.0,0.0,0.0,0.42857142857142855,1.0,2.0,2
0.0,0.0,3.0,0.0,18.0,3.0,1.0,0.0,-1.0,3.0,2.0,2
1.0,0.0,3.0,3.0,15.0,3.0,0.0,0.0,1.0,0.0,0.0,1
304.0,301.0,8.0,3.0,531.0,25.0,0.0,0.0,0.375,5.0,3.0,1
9.0,0.0,12.0,12.0,83.0,16.0,0.0,0.0,0.5,2.0,3.0,2
2.0,0.0,62.0,62.0,191.0,82.0,0.0,0.0,0.0,0.0,0.0,1
1.0,0.0,13.0,9.0,120.0,13.0,0.0,0.0,0.23076923076923078,1.0,3.0,2
3.0,0.0,2.0,1.0,40.0,8.0,0.0,0.0,0.0,0.0,1.0,1
0.0,0.0,3.0,3.0,11.0,3.0,0.0,2.0,-1.0,6.0,1.0,2
5.0,0.0,10.0,9.0,45.0,10.0,0.0,2.0,0.3,0.0,2.0,1
7.0,0.0,19.0,17.0,176.0,24.0,0.0,0.0,0.2631578947368421,1.0,14.0,2
5.0,5.0,45.0,43.0,583.0,49.0,0.0,0.0,0.06666666666666667,7.0,11.0,1
7.0,0.0,5.0,5.0,63.0,6.0,0.0,0.0,0.0,2.0,3.0,2
2.0,0.0,25.0,18.0,228.0,49.0,0.0,0.0,0.2,1.0,11.0,2
6.0,0.0,8.0,7.0,60.0,11.0,0.0,1.0,0.25,1.0,5.0,1
1.0,1.0,1.0,1.0,6.0,1.0,0.0,2.0,0.0,1.0,1.0,2
4.0,0.0,2.0,0.0,29.0,2.0,0.0,0.0,0.0,1.0,1.0,2
0.0,0.0,2.0,2.0,7.0,2.0,0.0,2.0,-1.0,0.0,0.0,1
5.0,2.0,8.0,7.0,42.0,9.0,0.0,2.0,0.25,2.0,1.0,1
3.0,1.0,2.0,0.0,17.0,3.0,0.0,0.0,0.0,0.0,1.0,1
0.0,0.0,1.0,1.0,4.0,1.0,0.0,0.0,-1.0,1.0,0.0,2
2.0,0.0,1.0,1.0,10.0,1.0,0.0,0.0,0.0,0.0,0.0,1
9.0,0.0,10.0,10.0,79.0,24.0,0.0,2.0,0.2,3.0,2.0,2
0.0,0.0,3.0,3.0,9.0,3.0,0.0,0.0,-1.0,1.0,0.0,2
0.0,0.0,1.0,1.0,5.0,1.0,0.0,1.0,-1.0,0.0,1.0,1
2.0,0.0,14.0,13.0,90.0,17.0,0.0,0.0,0.0,1.0,1.0,2
3.0,0.0,2.0,1.0,28.0,4.0,0.0,1.0,0.0,0.0,3.0,1
1.0,0.0,2.0,2.0,30.0,2.0,0.0,0.0,0.0,0.0,1.0,1
0.0,0.0,1.0,0.0,6.0,1.0,0.0,0.0,-1.0,1.0,0.0,2
6.0,0.0,11.0,8.0,117.0,27.0,0.0,0.0,0.5454545454545454,1.0,6.0,2
0.0,0.0,1.0,0.0,5.0,1.0,0.0,0.0,-1.0,1.0,0.0,2
0.0,0.0,1.0,0.0,3.0,1.0,0.0,0.0,-1.0,1.0,0.0,2
1.0,0.0,0.0,0.0,3.0,0.0,0.0,0.0,-1.0,0.0,1.0,2
0.0,0.0,1.0,1.0,12.0,1.0,0.0,2.0,-1.0,1.0,0.0,1
0.0,0.0,1.0,1.0,8.0,1.0,0.0,0.0,-1.0,0.0,2.0,1
7.0,0.0,12.0,10.0,107.0,21.0,0.0,0.0,0.5,0.0,5.0,1
0.0,0.0,0.0,0.0,2.0,0.0,0.0,0.0,-1.0,1.0,0.0,1
1.0,0.0,1.0,1.0,9.0,1.0,0.0,0.0,0.0,4.0,0.0,2
0.0,0.0,0.0,0.0,2.0,0.0,0.0,1.0,-1.0,0.0,0.0,1
3.0,0.0,3.0,2.0,24.0,3.0,0.0,0.0,0.6666666666666666,0.0,2.0,1
0.0,0.0,0.0,0.0,2.0,0.0,0.0,0.0,-1.0,2.0,0.0,2
6.0,0.0,16.0,16.0,105.0,16.0,0.0,0.0,0.125,2.0,6.0,2
0.0,0.0,1.0,1.0,5.0,1.0,0.0,1.0,-1.0,0.0,1.0,1
0.0,0.0,2.0,2.0,7.0,2.0,0.0,0.0,-1.0,1.0,0.0,2
6.0,0.0,9.0,5.0,78.0,13.0,0.0,0.0,0.4444444444444444,0.0,3.0,1
0.0,0.0,0.0,0.0,2.0,0.0,0.0,0.0,-1.0,0.0,0.0,2
1.0,0.0,2.0,2.0,17.0,2.0,0.0,0.0,1.0,0.0,1.0,1
1.0,0.0,2.0,2.0,9.0,2.0,0.0,0.0,0.0,2.0,1.0,2
8.0,0.0,16.0,15.0,99.0,21.0,0.0,0.0,0.125,1.0,6.0,2
1.0,0.0,3.0,3.0,16.0,3.0,0.0,0.0,0.0,0.0,2.0,1
2.0,0.0,3.0,3.0,27.0,6.0,0.0,1.0,0.6666666666666666,1.0,5.0,1
0.0,0.0,0.0,0.0,2.0,0.0,1.0,0.0,-1.0,0.0,0.0,2
0.0,0.0,1.0,1.0,5.0,1.0,0.0,0.0,-1.0,0.0,0.0,1
1.0,0.0,3.0,3.0,21.0,3.0,0.0,0.0,0.0,0.0,1.0,1
12.0,3.0,18.0,13.0,168.0,39.0,0.0,0.0,0.1111111111111111,2.0,5.0,1
0.0,0.0,72.0,67.0,259.0,78.0,0.0,0.0,-1.0,14.0,10.0,1
3.0,0.0,11.0,7.0,65.0,13.0,0.0,0.0,0.45454545454545453,2.0,10.0,2
0.0,0.0,1.0,1.0,9.0,1.0,0.0,1.0,-1.0,0.0,0.0,2
1.0,0.0,10.0,10.0,97.0,10.0,0.0,0.0,0.2,2.0,1.0,2
4.0,0.0,18.0,18.0,118.0,18.0,0.0,0.0,0.4444444444444444,0.0,6.0,2
1.0,0.0,5.0,5.0,33.0,5.0,0.0,0.0,0.0,0.0,2.0,1
1.0,0.0,1.0,1.0,6.0,1.0,0.0,0.0,0.0,0.0,0.0,1
2.0,0.0,9.0,3.0,49.0,11.0,0.0,0.0,0.2222222222222222,2.0,2.0,2
2.0,0.0,1.0,1.0,9.0,1.0,0.0,1.0,0.0,0.0,0.0,2
0.0,0.0,1.0,0.0,10.0,1.0,0.0,0.0,-1.0,0.0,0.0,1
1.0,0.0,2.0,2.0,17.0,3.0,0.0,0.0,0.0,1.0,2.0,2
0.0,0.0,4.0,0.0,22.0,4.0,0.0,0.0,-1.0,4.0,0.0,2
12.0,0.0,19.0,11.0,160.0,24.0,0.0,0.0,0.0,0.0,2.0,1
0.0,0.0,1.0,0.0,21.0,1.0,0.0,0.0,-1.0,2.0,0.0,2
2.0,0.0,14.0,12.0,84.0,21.0,0.0,1.0,0.0,26.0,2.0,2
0.0,0.0,4.0,0.0,6.0,4.0,0.0,0.0,-1.0,5.0,1.0,2
13.0,0.0,22.0,13.0,182.0,35.0,1.0,1.0,0.13636363636363635,2.0,7.0,1
2.0,0.0,4.0,3.0,20.0,4.0,0.0,0.0,0.0,2.0,1.0,2
0.0,0.0,1.0,1.0,5.0,1.0,0.0,0.0,-1.0,0.0,1.0,1
1.0,0.0,4.0,4.0,16.0,4.0,0.0,1.0,0.0,0.0,2.0,2
1.0,0.0,3.0,2.0,25.0,6.0,0.0,0.0,0.0,0.0,1.0,1
0.0,0.0,3.0,1.0,21.0,4.0,0.0,1.0,-1.0,0.0,3.0,1
0.0,0.0,1.0,0.0,11.0,1.0,0.0,0.0,-1.0,2.0,1.0,2
1.0,0.0,3.0,1.0,30.0,4.0,0.0,0.0,0.6666666666666666,0.0,1.0,1
2.0,0.0,0.0,0.0,4.0,0.0,0.0,0.0,-1.0,0.0,0.0,1
1.0,0.0,5.0,5.0,21.0,5.0,0.0,0.0,0.8,0.0,1.0,1
0.0,0.0,1.0,1.0,5.0,1.0,0.0,1.0,-1.0,0.0,1.0,1
2.0,0.0,4.0,3.0,23.0,4.0,0.0,0.0,0.5,0.0,2.0,1
0.0,0.0,2.0,0.0,10.0,2.0,1.0,1.0,-1.0,0.0,0.0,1
0.0,0.0,0.0,0.0,2.0,0.0,0.0,0.0,-1.0,1.0,0.0,1
0.0,0.0,0.0,0.0,2.0,0.0,0.0,0.0,-1.0,0.0,0.0,1
3.0,0.0,2.0,1.0,21.0,2.0,0.0,1.0,0.0,0.0,7.0,1
4.0,0.0,3.0,3.0,23.0,3.0,0.0,0.0,0.6666666666666666,0.0,1.0,1
1.0,0.0,1.0,1.0,6.0,1.0,0.0,0.0,0.0,1.0,0.0,2
1.0,0.0,2.0,2.0,11.0,2.0,0.0,1.0,0.0,0.0,0.0,1
5.0,0.0,11.0,7.0,110.0,17.0,0.0,2.0,0.36363636363636365,1.0,11.0,1
2.0,0.0,2.0,2.0,23.0,5.0,0.0,1.0,0.0,0.0,2.0,1
0.0,0.0,1.0,1.0,9.0,1.0,0.0,0.0,-1.0,11.0,0.0,2
1.0,0.0,1.0,1.0,6.0,1.0,1.0,0.0,0.0,0.0,1.0,1
1.0,1.0,4.0,1.0,17.0,4.0,0.0,1.0,0.5,2.0,3.0,1
0.0,0.0,1.0,1.0,4.0,1.0,1.0,0.0,-1.0,1.0,0.0,2
2.0,0.0,11.0,2.0,125.0,31.0,0.0,1.0,0.18181818181818182,1.0,3.0,2
1.0,0.0,5.0,5.0,45.0,5.0,0.0,0.0,0.0,0.0,2.0,2
1.0,0.0,5.0,2.0,41.0,11.0,0.0,0.0,0.0,3.0,3.0,2
0.0,0.0,4.0,3.0,19.0,6.0,0.0,0.0,-1.0,2.0,4.0,2
4.0,1.0,10.0,6.0,97.0,15.0,0.0,0.0,0.8,5.0,6.0,1
0.0,0.0,1.0,0.0,3.0,1.0,0.0,0.0,-1.0,2.0,0.0,2
1.0,0.0,2.0,2.0,11.0,3.0,0.0,0.0,1.0,0.0,1.0,1
2.0,0.0,3.0,3.0,22.0,5.0,0.0,1.0,0.6666666666666666,0.0,4.0,1
0.0,0.0,1.0,1.0,11.0,1.0,0.0,1.0,-1.0,2.0,0.0,1
2.0,0.0,2.0,2.0,21.0,3.0,0.0,1.0,0.0,0.0,1.0,2
0.0,0.0,0.0,0.0,2.0,0.0,0.0,0.0,-1.0,1.0,0.0,1
0.0,0.0,1.0,1.0,7.0,1.0,0.0,0.0,-1.0,0.0,1.0,2
1.0,0.0,1.0,1.0,8.0,1.0,0.0,0.0,0.0,0.0,1.0,2
0.0,0.0,1.0,1.0,4.0,1.0,0.0,0.0,-1.0,3.0,0.0,2
1.0,0.0,1.0,1.0,6.0,1.0,0.0,0.0,0.0,1.0,0.0,2
0.0,0.0,1.0,1.0,25.0,5.0,0.0,1.0,-1.0,0.0,2.0,1
0.0,0.0,0.0,0.0,2.0,0.0,0.0,1.0,-1.0,1.0,0.0,2
3.0,0.0,4.0,3.0,19.0,4.0,0.0,0.0,0.0,0.0,0.0,1
0.0,0.0,2.0,0.0,4.0,2.0,0.0,0.0,-1.0,1.0,0.0,2
0.0,0.0,1.0,0.0,5.0,1.0,0.0,0.0,-1.0,1.0,1.0,2
2.0,2.0,0.0,0.0,4.0,0.0,0.0,0.0,-1.0,1.0,1.0,2
0.0,0.0,2.0,0.0,16.0,2.0,0.0,0.0,-1.0,12.0,0.0,2
0.0,0.0,1.0,0.0,5.0,1.0,0.0,0.0,-1.0,0.0,0.0,1
2.0,0.0,4.0,2.0,37.0,5.0,0.0,1.0,0.0,1.0,3.0,1
1.0,0.0,4.0,4.0,15.0,4.0,0.0,1.0,0.0,0.0,0.0,1
0.0,0.0,0.0,0.0,2.0,0.0,0.0,0.0,-1.0,1.0,0.0,2
1.0,0.0,1.0,1.0,6.0,1.0,0.0,0.0,0.0,0.0,0.0,1
10.0,0.0,7.0,7.0,64.0,7.0,0.0,0.0,0.2857142857142857,0.0,8.0,1
1.0,0.0,3.0,3.0,22.0,3.0,0.0,0.0,0.0,0.0,2.0,1
8.0,0.0,24.0,23.0,159.0,34.0,0.0,0.0,0.375,3.0,15.0,1
1.0,0.0,1.0,1.0,6.0,1.0,0.0,1.0,0.0,0.0,1.0,1
0.0,0.0,4.0,0.0,27.0,4.0,0.0,0.0,-1.0,0.0,1.0,1
1.0,0.0,1.0,1.0,9.0,1.0,0.0,1.0,0.0,4.0,0.0,1
0.0,0.0,4.0,0.0,30.0,4.0,0.0,0.0,-1.0,4.0,1.0,2
0.0,0.0,6.0,6.0,41.0,6.0,0.0,0.0,-1.0,2.0,5.0,2
2.0,1.0,0.0,0.0,7.0,0.0,0.0,0.0,-1.0,1.0,1.0,1
0.0,0.0,1.0,1.0,5.0,1.0,0.0,0.0,-1.0,1.0,0.0,2
12.0,0.0,32.0,26.0,170.0,42.0,0.0,0.0,0.125,64.0,9.0,1
0.0,0.0,3.0,0.0,5.0,3.0,0.0,0.0,-1.0,2.0,1.0,2
0.0,0.0,4.0,0.0,23.0,4.0,2.0,0.0,-1.0,3.0,0.0,2
3.0,0.0,15.0,15.0,583.0,210.0,0.0,0.0,0.0,2.0,6.0,1
1.0,0.0,9.0,8.0,28.0,9.0,0.0,0.0,0.2222222222222222,1.0,3.0,2
1.0,0.0,2.0,2.0,30.0,2.0,0.0,0.0,0.0,2.0,1.0,2
0.0,0.0,2.0,0.0,7.0,2.0,0.0,0.0,-1.0,1.0,0.0,2
0.0,0.0,0.0,0.0,2.0,0.0,0.0,0.0,-1.0,1.0,0.0,2
3.0,0.0,1.0,1.0,10.0,1.0,0.0,1.0,0.0,0.0,3.0,1
1.0,0.0,5.0,4.0,43.0,9.0,0.0,1.0,0.8,2.0,2.0,2
1.0,0.0,8.0,8.0,42.0,8.0,0.0,0.0,0.0,0.0,1.0,1
0.0,0.0,6.0,0.0,8.0,6.0,0.0,0.0,-1.0,0.0,0.0,1
1.0,1.0,1.0,1.0,8.0,1.0,0.0,0.0,0.0,2.0,2.0,1
0.0,0.0,2.0,2.0,13.0,2.0,0.0,0.0,-1.0,0.0,1.0,2
0.0,0.0,0.0,0.0,2.0,0.0,0.0,0.0,-1.0,2.0,0.0,1
0.0,0.0,1.0,1.0,26.0,6.0,0.0,0.0,-1.0,0.0,0.0,1
2.0,0.0,8.0,8.0,79.0,8.0,0.0,0.0,0.0,0.0,3.0,1
0.0,0.0,1.0,0.0,12.0,1.0,0.0,0.0,-1.0,0.0,0.0,1
1.0,0.0,2.0,2.0,9.0,2.0,0.0,1.0,0.0,0.0,0.0,1
1.0,0.0,1.0,1.0,6.0,1.0,0.0,0.0,0.0,0.0,0.0,1
2.0,2.0,4.0,4.0,33.0,4.0,0.0,1.0,0.5,0.0,2.0,1
2.0,0.0,2.0,2.0,13.0,2.0,0.0,1.0,0.0,0.0,2.0,1
0.0,0.0,1.0,1.0,5.0,1.0,0.0,1.0,-1.0,0.0,1.0,1
0.0,0.0,2.0,0.0,4.0,2.0,0.0,0.0,-1.0,1.0,0.0,2
0.0,0.0,1.0,0.0,12.0,1.0,1.0,0.0,-1.0,25.0,1.0,2
2.0,0.0,6.0,3.0,175.0,34.0,3.0,1.0,0.0,2.0,3.0,1
0.0,0.0,0.0,0.0,2.0,0.0,0.0,1.0,-1.0,0.0,0.0,2
1.0,0.0,8.0,7.0,48.0,8.0,4.0,0.0,0.625,1.0,1.0,2
1.0,0.0,1.0,1.0,6.0,1.0,0.0,0.0,0.0,0.0,0.0,1
1.0,1.0,1.0,0.0,6.0,1.0,0.0,0.0,0.0,3.0,0.0,1
1.0,0.0,1.0,1.0,6.0,1.0,2.0,0.0,0.0,0.0,1.0,1
0.0,0.0,1.0,0.0,9.0,1.0,0.0,0.0,-1.0,2.0,0.0,2
1.0,0.0,9.0,7.0,58.0,13.0,0.0,0.0,0.5555555555555556,3.0,10.0,2
0.0,0.0,1.0,0.0,3.0,1.0,0.0,0.0,-1.0,2.0,1.0,2
0.0,0.0,8.0,8.0,115.0,45.0,0.0,1.0,-1.0,0.0,4.0,1
4.0,0.0,48.0,37.0,236.0,48.0,0.0,0.0,0.7708333333333334,0.0,13.0,2
2.0,0.0,11.0,5.0,82.0,15.0,0.0,0.0,0.18181818181818182,2.0,2.0,2
0.0,0.0,1.0,1.0,8.0,1.0,0.0,0.0,-1.0,0.0,1.0,1
1.0,0.0,1.0,1.0,6.0,1.0,1.0,0.0,0.0,0.0,1.0,2
0.0,0.0,1.0,1.0,5.0,1.0,0.0,1.0,-1.0,0.0,1.0,2
2.0,2.0,4.0,4.0,33.0,4.0,0.0,1.0,0.5,0.0,2.0,1
1.0,0.0,2.0,2.0,17.0,2.0,0.0,0.0,0.0,1.0,9.0,2
0.0,0.0,1.0,0.0,3.0,1.0,0.0,0.0,-1.0,1.0,0.0,2
0.0,0.0,1.0,0.0,3.0,1.0,0.0,0.0,-1.0,0.0,0.0,2
2.0,2.0,4.0,4.0,33.0,4.0,0.0,1.0,0.5,0.0,2.0,1
0.0,0.0,10.0,0.0,50.0,10.0,0.0,1.0,-1.0,76.0,1.0,2
0.0,0.0,1.0,1.0,5.0,1.0,0.0,0.0,-1.0,0.0,0.0,1
1.0,0.0,3.0,1.0,30.0,4.0,0.0,0.0,0.6666666666666666,0.0,1.0,2
0.0,0.0,1.0,1.0,15.0,2.0,0.0,0.0,-1.0,0.0,3.0,1
4.0,0.0,5.0,5.0,26.0,5.0,0.0,0.0,0.4,0.0,2.0,1
0.0,0.0,2.0,1.0,17.0,2.0,0.0,0.0,-1.0,0.0,1.0,2
0.0,0.0,4.0,0.0,27.0,4.0,0.0,0.0,-1.0,0.0,1.0,1
1.0,0.0,8.0,5.0,52.0,12.0,0.0,0.0,0.5,5.0,1.0,2
1.0,0.0,3.0,2.0,20.0,3.0,0.0,0.0,0.0,1.0,1.0,2
3.0,0.0,0.0,0.0,5.0,0.0,0.0,0.0,-1.0,0.0,0.0,1
2.0,1.0,5.0,4.0,32.0,7.0,0.0,1.0,0.4,3.0,2.0,1
1.0,0.0,4.0,4.0,18.0,4.0,0.0,0.0,0.0,0.0,3.0,1
1.0,0.0,4.0,4.0,18.0,4.0,0.0,0.0,0.0,1.0,3.0,2
2.0,0.0,0.0,0.0,4.0,0.0,0.0,0.0,-1.0,0.0,1.0,2
2.0,0.0,4.0,4.0,19.0,4.0,0.0,0.0,0.0,0.0,0.0,1
1.0,0.0,1.0,1.0,6.0,1.0,1.0,0.0,0.0,0.0,1.0,1
0.0,0.0,2.0,2.0,7.0,2.0,0.0,1.0,-1.0,1.0,0.0,2
4.0,0.0,11.0,11.0,106.0,11.0,0.0,0.0,0.0,0.0,2.0,1
2.0,0.0,6.0,6.0,25.0,6.0,1.0,0.0,0.0,1.0,1.0,2
15.0,2.0,17.0,12.0,153.0,24.0,0.0,0.0,0.47058823529411764,2.0,14.0,1
3.0,0.0,13.0,12.0,98.0,16.0,0.0,0.0,0.0,2.0,3.0,2
0.0,0.0,0.0,0.0,2.0,0.0,0.0,1.0,-1.0,1.0,0.0,1
0.0,0.0,7.0,5.0,32.0,9.0,0.0,1.0,-1.0,1.0,2.0,1
1.0,0.0,1.0,1.0,6.0,1.0,0.0,0.0,0.0,1.0,0.0,2
13.0,0.0,52.0,35.0,436.0,91.0,6.0,0.0,0.19230769230769232,9.0,3.0,2
2.0,0.0,4.0,4.0,18.0,4.0,0.0,0.0,0.0,2.0,0.0,2
1.0,0.0,2.0,1.0,10.0,2.0,0.0,3.0,0.0,0.0,2.0,1
0.0,0.0,7.0,7.0,25.0,7.0,0.0,0.0,-1.0,2.0,1.0,2
5.0,0.0,20.0,18.0,99.0,25.0,0.0,1.0,0.0,8.0,5.0,2
5.0,2.0,2.0,2.0,14.0,2.0,0.0,0.0,1.0,0.0,1.0,1
1.0,0.0,1.0,1.0,6.0,1.0,0.0,0.0,0.0,1.0,0.0,2
2.0,0.0,1.0,1.0,10.0,1.0,0.0,0.0,0.0,0.0,0.0,1
2.0,0.0,5.0,2.0,25.0,5.0,0.0,0.0,0.0,0.0,2.0,1
0.0,0.0,6.0,5.0,20.0,6.0,0.0,1.0,-1.0,0.0,1.0,1
1.0,0.0,2.0,1.0,26.0,4.0,0.0,0.0,0.0,2.0,3.0,2
1.0,0.0,3.0,3.0,22.0,3.0,0.0,0.0,0.0,0.0,2.0,1
0.0,0.0,1.0,1.0,4.0,1.0,0.0,0.0,-1.0,0.0,0.0,1
1.0,0.0,3.0,2.0,24.0,7.0,0.0,0.0,0.0,0.0,0.0,1
0.0,0.0,2.0,0.0,4.0,2.0,1.0,0.0,-1.0,4.0,0.0,2
2.0,0.0,7.0,6.0,56.0,10.0,0.0,0.0,0.7142857142857143,0.0,3.0,2
1.0,0.0,1.0,1.0,8.0,1.0,0.0,0.0,0.0,1.0,1.0,2
0.0,0.0,2.0,2.0,7.0,2.0,1.0,0.0,-1.0,1.0,0.0,2
6.0,0.0,0.0,0.0,30.0,0.0,0.0,0.0,-1.0,1.0,1.0,1
0.0,0.0,3.0,3.0,30.0,6.0,0.0,1.0,-1.0,0.0,0.0,1
2.0,0.0,6.0,6.0,38.0,7.0,0.0,1.0,0.3333333333333333,1.0,2.0,2
4.0,0.0,8.0,8.0,39.0,8.0,0.0,0.0,0.625,0.0,2.0,1
0.0,0.0,0.0,0.0,2.0,0.0,0.0,0.0,-1.0,1.0,0.0,1
0.0,0.0,2.0,2.0,7.0,2.0,0.0,0.0,-1.0,0.0,0.0,2
1.0,0.0,2.0,2.0,9.0,2.0,0.0,0.0,1.0,2.0,0.0,2
8.0,7.0,7.0,7.0,59.0,13.0,0.0,1.0,0.0,3.0,2.0,1
0.0,0.0,2.0,1.0,18.0,4.0,0.0,0.0,-1.0,0.0,4.0,1
1.0,0.0,9.0,8.0,82.0,9.0,0.0,0.0,0.2222222222222222,2.0,2.0,2
1.0,0.0,2.0,1.0,8.0,2.0,0.0,0.0,1.0,0.0,0.0,1
0.0,0.0,2.0,1.0,13.0,3.0,0.0,0.0,-1.0,2.0,1.0,2
3.0,0.0,9.0,5.0,71.0,9.0,0.0,0.0,0.0,0.0,2.0,2
2.0,0.0,6.0,5.0,41.0,10.0,0.0,1.0,0.5,1.0,0.0,1
0.0,0.0,2.0,2.0,6.0,2.0,0.0,0.0,-1.0,1.0,0.0,2
0.0,0.0,5.0,5.0,13.0,5.0,0.0,0.0,-1.0,3.0,1.0,2
1.0,0.0,5.0,3.0,21.0,7.0,5.0,0.0,0.0,1.0,0.0,2
2.0,0.0,4.0,4.0,24.0,4.0,0.0,0.0,0.0,0.0,1.0,1
0.0,0.0,0.0,0.0,2.0,0.0,0.0,0.0,-1.0,0.0,0.0,1
3.0,0.0,3.0,1.0,32.0,3.0,0.0,0.0,0.0,0.0,3.0,1
0.0,0.0,0.0,0.0,11.0,0.0,7.0,0.0,-1.0,5.0,0.0,1
0.0,0.0,0.0,0.0,5.0,0.0,0.0,0.0,-1.0,1.0,0.0,1
1.0,0.0,2.0,2.0,9.0,2.0,0.0,0.0,1.0,0.0,0.0,1
0.0,0.0,6.0,0.0,37.0,6.0,0.0,1.0,-1.0,16.0,1.0,2
1.0,0.0,4.0,3.0,33.0,10.0,0.0,0.0,0.75,0.0,3.0,1
0.0,0.0,1.0,1.0,13.0,2.0,0.0,1.0,-1.0,0.0,1.0,2
7.0,2.0,3.0,2.0,35.0,6.0,0.0,1.0,0.6666666666666666,1.0,2.0,1
0.0,0.0,2.0,1.0,12.0,2.0,0.0,0.0,-1.0,0.0,1.0,1
1.0,0.0,4.0,4.0,55.0,4.0,0.0,0.0,0.0,0.0,2.0,1
1.0,1.0,7.0,7.0,29.0,7.0,0.0,0.0,1.0,0.0,2.0,2
0.0,0.0,1.0,1.0,5.0,1.0,2.0,1.0,-1.0,0.0,0.0,1
1.0,0.0,0.0,0.0,3.0,0.0,0.0,0.0,-1.0,1.0,1.0,1
0.0,0.0,3.0,3.0,9.0,3.0,1.0,1.0,-1.0,1.0,0.0,2
0.0,0.0,2.0,0.0,18.0,2.0,0.0,0.0,-1.0,0.0,1.0,1
1.0,0.0,5.0,4.0,42.0,8.0,0.0,1.0,0.0,1.0,4.0,1
2.0,0.0,0.0,0.0,4.0,0.0,0.0,0.0,-1.0,0.0,1.0,1
3.0,3.0,7.0,4.0,117.0,27.0,0.0,1.0,0.42857142857142855,1.0,3.0,1
0.0,0.0,2.0,2.0,22.0,3.0,0.0,0.0,-1.0,2.0,2.0,1
0.0,0.0,2.0,2.0,28.0,6.0,0.0,1.0,-1.0,2.0,3.0,2
1.0,0.0,1.0,1.0,6.0,1.0,0.0,0.0,0.0,2.0,0.0,2
0.0,0.0,5.0,0.0,34.0,5.0,1.0,0.0,-1.0,0.0,1.0,1
0.0,0.0,1.0,0.0,3.0,1.0,0.0,0.0,-1.0,0.0,0.0,2
0.0,0.0,1.0,1.0,15.0,1.0,0.0,0.0,-1.0,0.0,0.0,1
0.0,0.0,1.0,1.0,5.0,1.0,0.0,0.0,-1.0,0.0,1.0,1
1.0,0.0,15.0,11.0,107.0,20.0,0.0,0.0,0.13333333333333333,1.0,2.0,2
1.0,0.0,2.0,1.0,9.0,2.0,0.0,0.0,0.0,0.0,2.0,1
1.0,0.0,3.0,3.0,30.0,3.0,0.0,0.0,0.6666666666666666,0.0,2.0,2
0.0,0.0,3.0,3.0,23.0,3.0,0.0,0.0,-1.0,0.0,2.0,1
1.0,0.0,3.0,0.0,12.0,3.0,0.0,0.0,0.6666666666666666,1.0,0.0,2
3.0,1.0,9.0,3.0,81.0,20.0,0.0,0.0,0.0,2.0,3.0,2
1.0,0.0,1.0,1.0,7.0,1.0,1.0,2.0,0.0,1.0,0.0,2
0.0,0.0,3.0,3.0,15.0,3.0,0.0,0.0,-1.0,0.0,1.0,1
4.0,0.0,5.0,5.0,24.0,5.0,0.0,1.0,0.0,0.0,1.0,1
1.0,0.0,1.0,1.0,6.0,1.0,0.0,0.0,0.0,2.0,0.0,2
0.0,0.0,16.0,8.0,65.0,16.0,0.0,0.0,-1.0,2.0,3.0,2
2.0,0.0,0.0,0.0,4.0,0.0,0.0,0.0,-1.0,1.0,0.0,1
1.0,0.0,7.0,5.0,33.0,7.0,0.0,0.0,0.0,0.0,1.0,2
0.0,0.0,1.0,0.0,11.0,1.0,0.0,0.0,-1.0,4.0,0.0,2
3.0,0.0,16.0,16.0,189.0,16.0,0.0,0.0,1.0,1.0,11.0,2
3.0,0.0,1.0,1.0,10.0,1.0,0.0,0.0,0.0,1.0,1.0,2
8.0,0.0,8.0,7.0,64.0,8.0,0.0,0.0,0.0,1.0,3.0,2
4.0,0.0,8.0,8.0,104.0,8.0,0.0,0.0,0.0,2.0,3.0,2
0.0,0.0,1.0,0.0,4.0,1.0,0.0,0.0,-1.0,1.0,0.0,2
1.0,0.0,2.0,2.0,9.0,2.0,0.0,0.0,0.0,0.0,1.0,1
0.0,0.0,4.0,4.0,26.0,4.0,0.0,1.0,-1.0,0.0,1.0,1
0.0,0.0,1.0,1.0,5.0,1.0,0.0,1.0,-1.0,0.0,0.0,1
2.0,0.0,10.0,10.0,48.0,12.0,0.0,0.0,0.0,2.0,2.0,2
1.0,0.0,3.0,3.0,12.0,3.0,0.0,0.0,0.0,0.0,0.0,1
1.0,0.0,2.0,2.0,9.0,2.0,0.0,0.0,0.0,0.0,2.0,1
2.0,0.0,4.0,1.0,54.0,5.0,0.0,0.0,0.0,0.0,1.0,1
2.0,0.0,6.0,5.0,41.0,11.0,0.0,0.0,0.5,2.0,4.0,1
3.0,0.0,7.0,7.0,69.0,7.0,0.0,0.0,0.0,0.0,3.0,1
3.0,0.0,7.0,4.0,72.0,17.0,0.0,1.0,0.0,0.0,1.0,2
1.0,0.0,3.0,1.0,18.0,4.0,0.0,0.0,0.0,2.0,0.0,2
0.0,0.0,8.0,0.0,10.0,8.0,0.0,0.0,-1.0,1.0,0.0,2
1.0,0.0,7.0,7.0,41.0,7.0,0.0,0.0,1.0,0.0,2.0,1
0.0,0.0,1.0,1.0,5.0,1.0,0.0,1.0,-1.0,0.0,1.0,1
3.0,0.0,7.0,3.0,79.0,14.0,0.0,1.0,0.42857142857142855,1.0,3.0,2
0.0,0.0,0.0,0.0,2.0,0.0,1.0,1.0,-1.0,1.0,0.0,2
4.0,0.0,2.0,2.0,15.0,2.0,0.0,0.0,1.0,0.0,3.0,2
0.0,0.0,3.0,0.0,23.0,3.0,0.0,0.0,-1.0,0.0,1.0,1
1.0,0.0,9.0,9.0,85.0,9.0,0.0,0.0,0.0,0.0,1.0,1
2.0,0.0,2.0,2.0,13.0,2.0,0.0,0.0,0.0,0.0,2.0,1
0.0,0.0,3.0,3.0,15.0,3.0,0.0,0.0,-1.0,0.0,1.0,1
0.0,0.0,0.0,0.0,2.0,0.0,0.0,0.0,-1.0,2.0,0.0,2
1.0,0.0,1.0,1.0,6.0,1.0,0.0,0.0,0.0,0.0,0.0,2
2.0,0.0,5.0,5.0,43.0,5.0,0.0,0.0,0.0,0.0,0.0,1
1.0,0.0,1.0,1.0,6.0,1.0,0.0,0.0,0.0,0.0,0.0,1
7.0,0.0,17.0,10.0,111.0,25.0,0.0,0.0,0.17647058823529413,0.0,6.0,2
0.0,0.0,0.0,0.0,2.0,0.0,0.0,0.0,-1.0,0.0,0.0,1
2.0,0.0,6.0,3.0,60.0,12.0,0.0,0.0,0.6666666666666666,0.0,1.0,2
1.0,0.0,1.0,1.0,6.0,1.0,0.0,0.0,0.0,1.0,0.0,2
0.0,0.0,3.0,3.0,9.0,3.0,0.0,0.0,-1.0,1.0,0.0,2
0.0,0.0,0.0,0.0,4.0,0.0,0.0,0.0,-1.0,2.0,0.0,2
2.0,0.0,7.0,6.0,33.0,7.0,0.0,0.0,0.2857142857142857,0.0,2.0,1
2.0,0.0,2.0,2.0,14.0,2.0,0.0,0.0,0.0,0.0,2.0,2
0.0,0.0,1.0,0.0,13.0,1.0,1.0,0.0,-1.0,0.0,0.0,1
1.0,0.0,1.0,1.0,8.0,1.0,0.0,0.0,0.0,0.0,1.0,1
0.0,0.0,0.0,0.0,2.0,0.0,0.0,0.0,-1.0,1.0,0.0,2
0.0,0.0,1.0,1.0,8.0,1.0,0.0,0.0,-1.0,8.0,0.0,2
2.0,0.0,2.0,1.0,14.0,3.0,0.0,0.0,0.0,0.0,3.0,1
5.0,5.0,2.0,2.0,15.0,2.0,0.0,0.0,1.0,2.0,1.0,1
11.0,0.0,24.0,19.0,215.0,34.0,0.0,0.0,0.0,3.0,5.0,2
0.0,0.0,2.0,2.0,53.0,10.0,0.0,0.0,-1.0,0.0,1.0,1
9.0,1.0,2.0,2.0,41.0,4.0,0.0,0.0,0.0,0.0,11.0,1
0.0,0.0,2.0,1.0,6.0,2.0,2.0,1.0,-1.0,5.0,3.0,1
11.0,0.0,13.0,11.0,99.0,19.0,0.0,0.0,0.0,4.0,7.0,2
0.0,0.0,4.0,0.0,26.0,4.0,3.0,0.0,-1.0,9.0,1.0,2
0.0,0.0,1.0,1.0,5.0,1.0,0.0,0.0,-1.0,0.0,0.0,1
2.0,2.0,0.0,0.0,4.0,0.0,0.0,0.0,-1.0,1.0,0.0,1
3.0,1.0,7.0,7.0,59.0,7.0,0.0,0.0,0.7142857142857143,3.0,2.0,2
6.0,0.0,8.0,8.0,51.0,13.0,0.0,0.0,0.375,2.0,4.0,2
2.0,0.0,4.0,4.0,45.0,10.0,0.0,0.0,0.75,0.0,6.0,1
0.0,0.0,1.0,1.0,5.0,1.0,0.0,0.0,-1.0,0.0,2.0,1
4.0,0.0,8.0,8.0,45.0,8.0,0.0,0.0,0.5,0.0,0.0,1
0.0,0.0,2.0,2.0,39.0,7.0,0.0,0.0,-1.0,0.0,1.0,1
0.0,0.0,7.0,6.0,59.0,11.0,0.0,0.0,-1.0,0.0,4.0,1
2.0,0.0,2.0,2.0,15.0,2.0,0.0,0.0,0.0,0.0,3.0,1
1.0,0.0,4.0,3.0,45.0,8.0,0.0,0.0,0.75,0.0,1.0,1
0.0,0.0,2.0,0.0,10.0,2.0,1.0,0.0,-1.0,2.0,0.0,2
0.0,0.0,1.0,1.0,5.0,1.0,0.0,0.0,-1.0,0.0,0.0,1
0.0,0.0,2.0,2.0,32.0,8.0,0.0,0.0,-1.0,0.0,1.0,1
0.0,0.0,2.0,2.0,10.0,3.0,0.0,0.0,-1.0,0.0,3.0,2
5.0,0.0,15.0,11.0,78.0,19.0,0.0,1.0,0.4,0.0,4.0,2
1.0,0.0,2.0,2.0,12.0,2.0,1.0,1.0,0.0,0.0,0.0,2
3.0,0.0,4.0,3.0,41.0,7.0,0.0,1.0,0.5,2.0,4.0,2
0.0,0.0,4.0,4.0,14.0,4.0,0.0,0.0,-1.0,0.0,0.0,1
1.0,0.0,2.0,2.0,9.0,2.0,0.0,0.0,0.0,1.0,0.0,2
19.0,0.0,18.0,8.0,360.0,53.0,5.0,1.0,0.16666666666666666,6.0,17.0,2
0.0,0.0,3.0,0.0,14.0,3.0,1.0,0.0,-1.0,4.0,1.0,2
0.0,0.0,2.0,2.0,7.0,2.0,0.0,1.0,-1.0,0.0,0.0,1
0.0,0.0,1.0,1.0,5.0,1.0,0.0,0.0,-1.0,0.0,0.0,1
9.0,1.0,35.0,32.0,296.0,66.0,0.0,0.0,0.4,10.0,1.0,1
0.0,0.0,2.0,1.0,18.0,2.0,0.0,0.0,-1.0,0.0,1.0,1
6.0,1.0,30.0,27.0,187.0,38.0,0.0,0.0,0.8333333333333334,11.0,1.0,1
5.0,0.0,4.0,4.0,48.0,9.0,0.0,1.0,0.0,0.0,3.0,2
20.0,0.0,20.0,16.0,343.0,35.0,0.0,0.0,0.1,4.0,10.0,2
0.0,0.0,1.0,1.0,5.0,1.0,0.0,0.0,-1.0,0.0,0.0,1
0.0,0.0,1.0,0.0,3.0,1.0,0.0,0.0,-1.0,2.0,1.0,2
4.0,0.0,10.0,10.0,48.0,13.0,0.0,0.0,0.0,60.0,1.0,2
0.0,0.0,2.0,2.0,55.0,10.0,0.0,0.0,-1.0,0.0,1.0,1
4.0,0.0,5.0,5.0,29.0,6.0,0.0,2.0,0.0,1.0,3.0,2
1.0,0.0,6.0,6.0,29.0,7.0,0.0,1.0,0.8333333333333334,0.0,2.0,1
0.0,0.0,2.0,1.0,6.0,2.0,0.0,1.0,-1.0,3.0,3.0,1
1.0,1.0,4.0,2.0,23.0,4.0,0.0,0.0,-1.0,2.0,1.0,1
2.0,0.0,3.0,3.0,16.0,3.0,0.0,0.0,0.0,3.0,1.0,2
0.0,0.0,5.0,5.0,22.0,8.0,1.0,1.0,-1.0,0.0,1.0,1
0.0,0.0,4.0,0.0,26.0,4.0,3.0,0.0,-1.0,7.0,1.0,2
5.0,0.0,8.0,7.0,38.0,8.0,0.0,1.0,0.375,3.0,1.0,2
0.0,0.0,3.0,3.0,11.0,3.0,0.0,0.0,-1.0,0.0,0.0,1
1.0,0.0,4.0,4.0,53.0,4.0,0.0,0.0,0.0,0.0,4.0,1
0.0,0.0,1.0,1.0,5.0,1.0,0.0,0.0,-1.0,0.0,0.0,1
1.0,0.0,6.0,6.0,24.0,6.0,0.0,0.0,0.0,0.0,8.0,2
11.0,0.0,14.0,12.0,161.0,38.0,0.0,0.0,0.21428571428571427,1.0,18.0,2
1.0,0.0,3.0,3.0,12.0,3.0,0.0,1.0,0.0,1.0,1.0,1
0.0,0.0,2.0,2.0,31.0,4.0,0.0,0.0,-1.0,1.0,12.0,2
0.0,0.0,1.0,1.0,5.0,1.0,0.0,0.0,-1.0,0.0,0.0,1
0.0,0.0,2.0,2.0,32.0,8.0,0.0,0.0,-1.0,0.0,1.0,1
2.0,1.0,7.0,5.0,53.0,9.0,0.0,0.0,0.42857142857142855,2.0,3.0,1
16.0,1.0,47.0,44.0,512.0,123.0,0.0,0.0,0.2765957446808511,12.0,1.0,1
0.0,0.0,7.0,6.0,58.0,11.0,0.0,0.0,-1.0,0.0,3.0,1
2.0,0.0,2.0,1.0,13.0,3.0,0.0,0.0,0.0,0.0,0.0,1
5.0,0.0,7.0,7.0,45.0,11.0,0.0,1.0,0.42857142857142855,2.0,3.0,2
0.0,0.0,2.0,0.0,13.0,2.0,1.0,0.0,-1.0,3.0,1.0,2
4.0,0.0,9.0,8.0,50.0,9.0,0.0,1.0,0.2222222222222222,0.0,1.0,1
3.0,0.0,2.0,2.0,23.0,2.0,0.0,1.0,0.0,0.0,4.0,1
1.0,0.0,6.0,6.0,21.0,6.0,0.0,0.0,0.5,0.0,0.0,1
0.0,0.0,1.0,0.0,6.0,1.0,0.0,0.0,-1.0,3.0,3.0,2
2.0,0.0,4.0,4.0,18.0,4.0,0.0,0.0,0.0,1.0,0.0,2
3.0,0.0,4.0,4.0,23.0,4.0,0.0,1.0,0.0,1.0,1.0,2
4.0,0.0,8.0,8.0,33.0,8.0,0.0,0.0,0.5,0.0,1.0,2
0.0,0.0,2.0,2.0,48.0,6.0,0.0,0.0,-1.0,1.0,12.0,2
1.0,0.0,2.0,2.0,11.0,2.0,0.0,0.0,0.0,1.0,2.0,2
0.0,0.0,1.0,1.0,22.0,3.0,0.0,0.0,-1.0,0.0,1.0,2
0.0,0.0,20.0,0.0,131.0,20.0,0.0,0.0,-1.0,0.0,1.0,1
1.0,0.0,0.0,0.0,3.0,0.0,0.0,0.0,-1.0,3.0,0.0,1
5.0,0.0,7.0,7.0,67.0,9.0,0.0,0.0,0.0,0.0,7.0,1
3.0,0.0,7.0,6.0,235.0,14.0,0.0,0.0,0.0,0.0,13.0,1
0.0,0.0,2.0,2.0,6.0,2.0,0.0,1.0,-1.0,0.0,1.0,1
2.0,0.0,4.0,4.0,18.0,4.0,0.0,0.0,0.0,1.0,0.0,2
2.0,1.0,3.0,3.0,18.0,4.0,0.0,0.0,1.0,0.0,3.0,1
5.0,0.0,4.0,3.0,36.0,5.0,0.0,1.0,0.75,1.0,6.0,2
4.0,3.0,2.0,2.0,13.0,2.0,0.0,1.0,0.0,7.0,0.0,1
2.0,0.0,9.0,9.0,33.0,9.0,0.0,2.0,0.0,0.0,2.0,1
18.0,9.0,96.0,87.0,501.0,125.0,0.0,0.0,0.8020833333333334,3.0,21.0,1
0.0,0.0,1.0,1.0,5.0,1.0,0.0,0.0,-1.0,0.0,0.0,1
0.0,0.0,1.0,1.0,5.0,1.0,0.0,0.0,-1.0,0.0,0.0,1
4.0,3.0,7.0,6.0,44.0,10.0,0.0,0.0,0.2857142857142857,15.0,2.0,1
8.0,0.0,4.0,4.0,107.0,9.0,0.0,0.0,0.0,0.0,9.0,1
0.0,0.0,3.0,2.0,58.0,9.0,0.0,1.0,-1.0,0.0,3.0,2
0.0,0.0,2.0,2.0,8.0,2.0,0.0,1.0,-1.0,0.0,0.0,1
7.0,0.0,16.0,16.0,108.0,24.0,2.0,0.0,0.3125,2.0,0.0,2
0.0,0.0,2.0,2.0,8.0,2.0,0.0,1.0,-1.0,0.0,0.0,1
4.0,0.0,4.0,3.0,30.0,5.0,0.0,1.0,0.0,0.0,2.0,1
0.0,0.0,0.0,0.0,5.0,0.0,0.0,3.0,-1.0,2.0,0.0,2
0.0,0.0,1.0,1.0,5.0,1.0,0.0,0.0,-1.0,0.0,0.0,1
1.0,0.0,5.0,5.0,29.0,7.0,0.0,0.0,0.0,0.0,0.0,1
0.0,0.0,1.0,0.0,3.0,1.0,2.0,0.0,-1.0,0.0,0.0,1
0.0,0.0,6.0,0.0,26.0,6.0,2.0,0.0,-1.0,4.0,2.0,2
0.0,0.0,1.0,0.0,3.0,1.0,1.0,1.0,-1.0,0.0,1.0,1
0.0,0.0,2.0,2.0,7.0,2.0,0.0,1.0,-1.0,0.0,0.0,1
0.0,0.0,2.0,1.0,42.0,5.0,0.0,1.0,-1.0,0.0,4.0,1
0.0,0.0,1.0,0.0,3.0,1.0,0.0,0.0,-1.0,2.0,1.0,2
6.0,0.0,3.0,1.0,44.0,6.0,0.0,0.0,0.0,1.0,4.0,2
0.0,0.0,20.0,20.0,22.0,20.0,0.0,0.0,-1.0,0.0,6.0,1
5.0,2.0,4.0,4.0,50.0,6.0,0.0,1.0,0.0,0.0,2.0,2
6.0,0.0,5.0,5.0,40.0,7.0,0.0,0.0,0.4,0.0,4.0,2
17.0,4.0,13.0,10.0,118.0,16.0,0.0,0.0,0.23076923076923078,0.0,8.0,2
4.0,0.0,4.0,4.0,52.0,5.0,0.0,0.0,0.75,0.0,8.0,1
0.0,0.0,2.0,2.0,39.0,4.0,0.0,0.0,-1.0,1.0,13.0,2
0.0,0.0,2.0,2.0,70.0,13.0,0.0,0.0,-1.0,0.0,1.0,1
0.0,0.0,3.0,3.0,11.0,3.0,0.0,0.0,-1.0,0.0,0.0,1
2.0,0.0,2.0,2.0,14.0,2.0,0.0,1.0,0.0,0.0,0.0,2
0.0,0.0,1.0,1.0,26.0,8.0,0.0,1.0,-1.0,1.0,0.0,2
8.0,1.0,21.0,12.0,197.0,33.0,0.0,0.0,0.6190476190476191,0.0,11.0,1
2.0,0.0,5.0,5.0,34.0,5.0,0.0,1.0,0.8,1.0,4.0,2
0.0,0.0,3.0,3.0,50.0,6.0,0.0,0.0,-1.0,0.0,2.0,1
7.0,0.0,9.0,9.0,62.0,11.0,0.0,1.0,0.4444444444444444,1.0,8.0,2
2.0,2.0,8.0,7.0,51.0,13.0,0.0,0.0,0.25,9.0,1.0,1
1.0,1.0,8.0,2.0,73.0,14.0,2.0,0.0,0.0,0.0,0.0,2
0.0,0.0,2.0,2.0,55.0,10.0,0.0,0.0,-1.0,0.0,1.0,1
0.0,0.0,2.0,2.0,18.0,2.0,0.0,1.0,-1.0,1.0,0.0,2
0.0,0.0,3.0,0.0,17.0,3.0,1.0,0.0,-1.0,9.0,0.0,2
3.0,1.0,12.0,12.0,39.0,12.0,0.0,0.0,0.8333333333333334,3.0,3.0,2
0.0,0.0,1.0,0.0,3.0,1.0,0.0,0.0,-1.0,0.0,1.0,1
0.0,0.0,1.0,1.0,12.0,3.0,0.0,0.0,-1.0,0.0,1.0,1
7.0,0.0,18.0,15.0,275.0,29.0,0.0,0.0,0.16666666666666666,5.0,11.0,2
0.0,0.0,2.0,1.0,13.0,3.0,0.0,1.0,-1.0,0.0,1.0,1
3.0,0.0,9.0,9.0,43.0,10.0,0.0,0.0,0.4444444444444444,2.0,4.0,2
4.0,0.0,5.0,5.0,33.0,7.0,0.0,1.0,0.6,0.0,1.0,1
4.0,0.0,8.0,8.0,49.0,8.0,0.0,0.0,0.0,6.0,1.0,2
19.0,2.0,29.0,21.0,281.0,61.0,0.0,0.0,0.27586206896551724,1.0,14.0,1
3.0,0.0,5.0,4.0,49.0,6.0,0.0,0.0,0.4,0.0,0.0,1
11.0,0.0,19.0,16.0,200.0,43.0,0.0,0.0,0.21052631578947367,0.0,2.0,1
0.0,0.0,2.0,2.0,28.0,2.0,0.0,0.0,-1.0,0.0,4.0,1
10.0,0.0,17.0,7.0,262.0,42.0,1.0,0.0,0.11764705882352941,4.0,10.0,2
0.0,0.0,1.0,1.0,5.0,1.0,0.0,0.0,-1.0,0.0,0.0,1
4.0,1.0,4.0,4.0,60.0,10.0,0.0,0.0,0.5,1.0,6.0,2
0.0,0.0,3.0,0.0,8.0,3.0,0.0,0.0,-1.0,1.0,0.0,2
8.0,0.0,13.0,12.0,88.0,23.0,0.0,1.0,0.23076923076923078,6.0,3.0,2
0.0,0.0,3.0,2.0,58.0,9.0,0.0,1.0,-1.0,1.0,3.0,2
3.0,1.0,7.0,7.0,58.0,7.0,0.0,0.0,0.5714285714285714,3.0,2.0,2
0.0,0.0,1.0,1.0,5.0,1.0,0.0,0.0,-1.0,0.0,0.0,1
0.0,0.0,2.0,2.0,39.0,7.0,0.0,0.0,-1.0,0.0,1.0,1
1.0,0.0,2.0,2.0,17.0,2.0,0.0,0.0,0.0,0.0,1.0,1
5.0,0.0,4.0,4.0,48.0,9.0,0.0,1.0,0.0,0.0,4.0,2
1.0,1.0,4.0,4.0,17.0,4.0,0.0,0.0,0.5,0.0,0.0,2
5.0,0.0,6.0,6.0,62.0,6.0,0.0,0.0,0.0,0.0,0.0,2
5.0,2.0,4.0,4.0,50.0,6.0,0.0,1.0,0.0,0.0,2.0,2
0.0,0.0,2.0,2.0,8.0,2.0,0.0,0.0,-1.0,0.0,1.0,1
0.0,0.0,2.0,2.0,40.0,7.0,0.0,0.0,-1.0,0.0,1.0,1
0.0,0.0,2.0,1.0,40.0,5.0,0.0,1.0,-1.0,0.0,2.0,2
0.0,0.0,2.0,2.0,25.0,5.0,0.0,0.0,-1.0,0.0,1.0,1
2.0,0.0,7.0,7.0,48.0,10.0,0.0,0.0,0.7142857142857143,0.0,4.0,1
6.0,3.0,2.0,2.0,17.0,2.0,1.0,0.0,1.0,2.0,0.0,1
2.0,2.0,1.0,1.0,8.0,1.0,0.0,0.0,0.0,13.0,0.0,1
0.0,0.0,3.0,1.0,19.0,3.0,2.0,0.0,-1.0,1.0,0.0,2
3.0,0.0,5.0,5.0,23.0,6.0,0.0,0.0,0.8,1.0,4.0,2
2.0,0.0,8.0,7.0,72.0,12.0,0.0,0.0,0.0,5.0,2.0,2
0.0,0.0,2.0,2.0,17.0,3.0,0.0,0.0,-1.0,1.0,3.0,2
3.0,0.0,4.0,4.0,22.0,5.0,1.0,0.0,0.5,0.0,5.0,1
1.0,0.0,5.0,5.0,29.0,7.0,0.0,0.0,0.0,1.0,0.0,2
5.0,0.0,8.0,8.0,48.0,13.0,0.0,0.0,0.5,1.0,4.0,2
8.0,0.0,2.0,2.0,53.0,6.0,2.0,0.0,0.0,0.0,8.0,2
2.0,0.0,3.0,3.0,22.0,4.0,0.0,0.0,0.6666666666666666,0.0,3.0,2
18.0,1.0,51.0,48.0,555.0,138.0,0.0,0.0,0.2549019607843137,7.0,1.0,1
0.0,0.0,2.0,1.0,50.0,21.0,0.0,0.0,-1.0,4.0,1.0,2
1.0,0.0,2.0,2.0,12.0,2.0,1.0,1.0,0.0,0.0,0.0,2
3.0,0.0,5.0,5.0,55.0,8.0,0.0,0.0,0.0,1.0,1.0,2
2.0,1.0,5.0,4.0,86.0,21.0,0.0,0.0,0.6,2.0,0.0,2
1.0,0.0,2.0,2.0,11.0,2.0,0.0,0.0,0.0,0.0,2.0,1
0.0,0.0,5.0,4.0,19.0,5.0,0.0,2.0,-1.0,1.0,5.0,2
6.0,0.0,10.0,9.0,95.0,18.0,0.0,0.0,0.4,2.0,10.0,2
4.0,0.0,7.0,7.0,45.0,8.0,0.0,1.0,0.2857142857142857,2.0,2.0,2
0.0,0.0,2.0,0.0,17.0,2.0,1.0,0.0,-1.0,3.0,1.0,2
0.0,0.0,4.0,4.0,12.0,4.0,0.0,0.0,-1.0,0.0,4.0,1
0.0,0.0,1.0,1.0,5.0,1.0,0.0,0.0,-1.0,0.0,0.0,1
6.0,0.0,17.0,13.0,76.0,18.0,0.0,1.0,0.5882352941176471,2.0,8.0,1
2.0,0.0,6.0,5.0,31.0,6.0,0.0,1.0,0.6666666666666666,1.0,1.0,2
0.0,0.0,6.0,0.0,8.0,6.0,1.0,1.0,-1.0,0.0,4.0,1
0.0,0.0,1.0,0.0,7.0,1.0,0.0,0.0,-1.0,1.0,0.0,2
1.0,0.0,2.0,2.0,12.0,2.0,1.0,1.0,0.0,0.0,0.0,2
5.0,0.0,11.0,11.0,52.0,13.0,0.0,0.0,0.0,2.0,2.0,2
0.0,0.0,0.0,0.0,2.0,0.0,2.0,1.0,-1.0,0.0,0.0,1
0.0,0.0,10.0,10.0,56.0,10.0,0.0,0.0,-1.0,0.0,1.0,2
0.0,0.0,2.0,0.0,14.0,2.0,3.0,0.0,-1.0,4.0,0.0,2
0.0,0.0,1.0,0.0,6.0,1.0,1.0,0.0,-1.0,1.0,1.0,2
0.0,0.0,1.0,1.0,5.0,1.0,0.0,0.0,-1.0,0.0,0.0,1
2.0,2.0,4.0,2.0,26.0,6.0,1.0,0.0,0.5,0.0,1.0,1
0.0,0.0,4.0,3.0,29.0,7.0,0.0,0.0,-1.0,1.0,2.0,2
0.0,0.0,2.0,2.0,55.0,10.0,0.0,0.0,-1.0,0.0,1.0,1
0.0,0.0,2.0,2.0,44.0,11.0,0.0,0.0,-1.0,0.0,1.0,1
0.0,0.0,2.0,2.0,85.0,10.0,0.0,0.0,-1.0,0.0,1.0,1
3.0,1.0,12.0,12.0,39.0,12.0,0.0,0.0,0.8333333333333334,3.0,3.0,2
2.0,0.0,7.0,2.0,92.0,14.0,4.0,0.0,0.2857142857142857,1.0,7.0,2
0.0,0.0,1.0,1.0,5.0,1.0,0.0,1.0,-1.0,0.0,0.0,2
2.0,1.0,2.0,2.0,22.0,2.0,0.0,0.0,0.0,0.0,2.0,2
0.0,0.0,1.0,1.0,5.0,1.0,0.0,0.0,-1.0,0.0,0.0,1
12.0,1.0,46.0,43.0,483.0,120.0,0.0,0.0,0.30434782608695654,9.0,4.0,1
0.0,0.0,1.0,1.0,5.0,1.0,0.0,0.0,-1.0,0.0,0.0,1
3.0,0.0,1.0,1.0,33.0,4.0,0.0,0.0,0.0,0.0,9.0,2
0.0,0.0,1.0,1.0,10.0,3.0,0.0,0.0,-1.0,0.0,2.0,1
2.0,0.0,2.0,2.0,11.0,2.0,0.0,0.0,0.0,0.0,0.0,1
0.0,0.0,1.0,1.0,5.0,1.0,0.0,0.0,-1.0,0.0,0.0,1
0.0,0.0,4.0,4.0,17.0,4.0,0.0,0.0,-1.0,1.0,0.0,2
3.0,3.0,1.0,1.0,10.0,1.0,0.0,1.0,0.0,2.0,2.0,1
0.0,0.0,2.0,2.0,25.0,4.0,0.0,0.0,-1.0,0.0,1.0,1
13.0,0.0,6.0,5.0,74.0,11.0,0.0,1.0,0.3333333333333333,2.0,9.0,2
0.0,0.0,1.0,1.0,22.0,3.0,0.0,0.0,-1.0,0.0,1.0,2
3.0,3.0,5.0,4.0,24.0,5.0,0.0,0.0,0.0,1.0,2.0,1
9.0,0.0,10.0,8.0,74.0,14.0,1.0,1.0,0.2,0.0,6.0,2
5.0,0.0,4.0,4.0,51.0,6.0,0.0,0.0,0.0,0.0,3.0,1
0.0,0.0,1.0,1.0,5.0,1.0,0.0,0.0,-1.0,0.0,0.0,1
11.0,0.0,17.0,7.0,241.0,38.0,0.0,0.0,0.11764705882352941,2.0,5.0,2
8.0,1.0,17.0,15.0,111.0,26.0,0.0,0.0,0.4117647058823529,2.0,10.0,1
2.0,1.0,2.0,2.0,22.0,2.0,0.0,0.0,0.0,0.0,2.0,2
5.0,0.0,8.0,6.0,92.0,13.0,0.0,1.0,0.375,0.0,1.0,1
0.0,0.0,3.0,2.0,13.0,3.0,0.0,0.0,-1.0,2.0,0.0,2
4.0,0.0,6.0,5.0,42.0,7.0,0.0,0.0,0.5,0.0,6.0,1
0.0,0.0,2.0,2.0,14.0,2.0,1.0,0.0,-1.0,2.0,0.0,2
6.0,0.0,3.0,3.0,37.0,4.0,2.0,0.0,0.0,0.0,5.0,2
2.0,0.0,3.0,3.0,17.0,3.0,0.0,1.0,0.0,0.0,1.0,2
10.0,0.0,3.0,2.0,92.0,19.0,0.0,0.0,0.0,0.0,5.0,1
0.0,0.0,2.0,2.0,32.0,8.0,0.0,0.0,-1.0,0.0,1.0,1
0.0,0.0,7.0,0.0,9.0,7.0,1.0,0.0,-1.0,3.0,0.0,2
0.0,0.0,2.0,2.0,44.0,11.0,0.0,0.0,-1.0,0.0,1.0,1
2.0,0.0,2.0,2.0,36.0,8.0,0.0,0.0,0.0,0.0,2.0,2
0.0,0.0,2.0,2.0,55.0,10.0,0.0,0.0,-1.0,0.0,1.0,1
3.0,0.0,4.0,4.0,36.0,8.0,0.0,1.0,0.0,0.0,0.0,2
10.0,2.0,6.0,5.0,55.0,9.0,0.0,0.0,0.0,1.0,2.0,1
0.0,0.0,1.0,1.0,5.0,1.0,0.0,1.0,-1.0,0.0,0.0,2
6.0,0.0,42.0,35.0,432.0,93.0,0.0,0.0,0.19047619047619047,5.0,11.0,1
0.0,0.0,2.0,0.0,13.0,2.0,1.0,0.0,-1.0,3.0,1.0,2
3.0,1.0,2.0,1.0,37.0,8.0,0.0,0.0,1.0,0.0,1.0,1
2.0,0.0,5.0,5.0,19.0,5.0,0.0,0.0,0.0,1.0,0.0,2
0.0,0.0,2.0,2.0,28.0,4.0,0.0,0.0,-1.0,0.0,2.0,1
3.0,0.0,3.0,2.0,22.0,3.0,0.0,0.0,0.6666666666666666,0.0,5.0,1
2.0,0.0,1.0,1.0,9.0,2.0,0.0,0.0,0.0,0.0,2.0,2
1.0,0.0,2.0,2.0,19.0,3.0,0.0,1.0,0.0,0.0,1.0,1
16.0,1.0,56.0,53.0,672.0,175.0,0.0,0.0,0.23214285714285715,11.0,3.0,1
1.0,0.0,3.0,2.0,50.0,14.0,0.0,0.0,0.6666666666666666,0.0,0.0,2
3.0,0.0,4.0,4.0,86.0,12.0,0.0,1.0,0.0,1.0,6.0,2
20.0,0.0,16.0,6.0,243.0,55.0,0.0,2.0,0.0,1.0,9.0,2
4.0,1.0,4.0,4.0,60.0,10.0,0.0,0.0,0.5,1.0,6.0,2
1.0,0.0,5.0,5.0,17.0,5.0,0.0,0.0,0.4,0.0,4.0,1
0.0,0.0,1.0,1.0,5.0,1.0,0.0,0.0,-1.0,0.0,0.0,1
0.0,0.0,1.0,1.0,5.0,1.0,0.0,0.0,-1.0,0.0,0.0,1
0.0,0.0,2.0,2.0,54.0,10.0,0.0,0.0,-1.0,0.0,1.0,1
0.0,0.0,1.0,1.0,5.0,1.0,0.0,1.0,-1.0,0.0,1.0,1
3.0,0.0,5.0,5.0,55.0,8.0,0.0,0.0,0.0,1.0,1.0,2
0.0,0.0,26.0,26.0,145.0,26.0,1.0,0.0,-1.0,65.0,1.0,1
1.0,0.0,2.0,2.0,15.0,4.0,0.0,0.0,0.0,0.0,1.0,1
8.0,0.0,12.0,11.0,86.0,22.0,0.0,1.0,0.25,5.0,3.0,2
8.0,1.0,36.0,33.0,286.0,65.0,0.0,0.0,0.3611111111111111,11.0,1.0,1
1.0,0.0,4.0,2.0,65.0,14.0,0.0,0.0,0.0,1.0,0.0,2
5.0,5.0,2.0,2.0,27.0,3.0,0.0,0.0,0.0,8.0,5.0,1
0.0,0.0,4.0,4.0,17.0,4.0,0.0,0.0,-1.0,0.0,0.0,1
10.0,1.0,20.0,15.0,277.0,36.0,0.0,1.0,0.0,3.0,12.0,2
0.0,0.0,3.0,0.0,17.0,3.0,0.0,0.0,-1.0,0.0,0.0,1
10.0,1.0,41.0,38.0,380.0,92.0,0.0,0.0,0.34146341463414637,11.0,1.0,1
2.0,0.0,2.0,2.0,14.0,2.0,0.0,1.0,0.0,0.0,0.0,2
2.0,2.0,1.0,1.0,6.0,1.0,0.0,0.0,0.0,2.0,1.0,1
0.0,0.0,4.0,4.0,6.0,4.0,2.0,0.0,-1.0,8.0,0.0,2
7.0,4.0,50.0,47.0,277.0,63.0,0.0,0.0,0.72,3.0,18.0,1
6.0,0.0,2.0,1.0,17.0,2.0,1.0,0.0,1.0,2.0,0.0,2
6.0,0.0,5.0,5.0,39.0,7.0,0.0,0.0,0.4,0.0,4.0,2
2.0,0.0,9.0,8.0,47.0,10.0,0.0,0.0,0.7777777777777778,0.0,2.0,1
