NOF,NOPF,NOM,NOPM,LOC,WMC,NC,DIT,LCOM,FANIN,FANOUT,label
4.0,0.0,12.0,12.0,80.0,13.0,0.0,0.0,0.25,2.0,6.0,2
2.0,0.0,9.0,8.0,43.0,11.0,0.0,1.0,0.4444444444444444,1.0,7.0,2
0.0,0.0,1.0,0.0,7.0,1.0,0.0,1.0,-1.0,1.0,0.0,1
0.0,0.0,2.0,2.0,53.0,12.0,0.0,0.0,-1.0,0.0,2.0,1
7.0,0.0,10.0,3.0,248.0,47.0,0.0,0.0,0.0,2.0,5.0,2
4.0,1.0,9.0,9.0,101.0,10.0,0.0,1.0,0.2222222222222222,1.0,2.0,1
0.0,0.0,4.0,4.0,35.0,8.0,0.0,2.0,-1.0,1.0,1.0,2
8.0,0.0,61.0,61.0,187.0,61.0,0.0,0.0,0.639344262295082,0.0,0.0,1
0.0,0.0,5.0,5.0,42.0,5.0,0.0,0.0,-1.0,0.0,0.0,2
0.0,0.0,2.0,2.0,26.0,3.0,0.0,0.0,-1.0,0.0,1.0,1
1.0,0.0,4.0,4.0,35.0,4.0,0.0,0.0,1.0,0.0,0.0,1
1.0,0.0,2.0,2.0,9.0,2.0,0.0,1.0,0.0,0.0,3.0,2
16.0,2.0,70.0,63.0,1005.0,123.0,0.0,0.0,0.05714285714285714,6.0,7.0,1
2.0,0.0,1.0,1.0,50.0,4.0,0.0,1.0,0.0,0.0,3.0,2
8.0,5.0,4.0,3.0,70.0,8.0,2.0,0.0,0.75,0.0,4.0,1
1.0,0.0,2.0,1.0,74.0,14.0,0.0,0.0,1.0,3.0,1.0,2
1.0,0.0,18.0,18.0,83.0,18.0,0.0,0.0,0.0,1.0,1.0,2
0.0,0.0,7.0,7.0,34.0,8.0,0.0,1.0,-1.0,0.0,1.0,1
0.0,0.0,1.0,1.0,8.0,1.0,0.0,1.0,-1.0,0.0,0.0,1
1.0,0.0,0.0,0.0,3.0,0.0,0.0,0.0,-1.0,1.0,0.0,1
2.0,0.0,5.0,4.0,79.0,6.0,0.0,0.0,0.4,3.0,1.0,2
0.0,0.0,1.0,1.0,10.0,2.0,0.0,0.0,-1.0,0.0,4.0,1
0.0,0.0,2.0,2.0,19.0,4.0,0.0,0.0,-1.0,0.0,0.0,1
2.0,2.0,2.0,2.0,37.0,2.0,0.0,0.0,1.0,0.0,1.0,1
10.0,1.0,16.0,10.0,352.0,50.0,0.0,0.0,0.0,11.0,6.0,1
1.0,0.0,3.0,3.0,25.0,3.0,0.0,0.0,1.0,2.0,0.0,2
1.0,0.0,2.0,0.0,25.0,5.0,0.0,1.0,1.0,1.0,1.0,1
2.0,0.0,11.0,10.0,137.0,14.0,0.0,0.0,0.0,0.0,1.0,1
0.0,0.0,2.0,1.0,11.0,3.0,0.0,0.0,-1.0,2.0,2.0,2
2.0,0.0,11.0,6.0,175.0,36.0,1.0,1.0,0.0,0.0,3.0,1
10.0,0.0,36.0,34.0,335.0,44.0,0.0,0.0,0.3055555555555556,0.0,5.0,1
1.0,0.0,1.0,1.0,6.0,1.0,0.0,0.0,0.0,0.0,1.0,2
9.0,0.0,15.0,7.0,246.0,31.0,0.0,0.0,0.0,2.0,14.0,2
9.0,8.0,7.0,7.0,83.0,7.0,0.0,0.0,0.42857142857142855,5.0,1.0,2
0.0,0.0,3.0,0.0,15.0,3.0,0.0,1.0,-1.0,0.0,0.0,2
0.0,0.0,1.0,1.0,14.0,1.0,0.0,1.0,-1.0,0.0,2.0,1
2.0,0.0,11.0,6.0,380.0,94.0,0.0,1.0,0.2727272727272727,1.0,9.0,2
1.0,0.0,2.0,2.0,15.0,4.0,0.0,1.0,0.0,0.0,4.0,2
7.0,0.0,14.0,0.0,111.0,28.0,0.0,0.0,0.0,1.0,3.0,1
2.0,0.0,2.0,2.0,11.0,2.0,0.0,0.0,0.0,0.0,1.0,1
4.0,0.0,7.0,3.0,74.0,7.0,0.0,0.0,1.0,0.0,5.0,1
11.0,0.0,23.0,19.0,208.0,34.0,0.0,0.0,0.08695652173913043,3.0,4.0,2
0.0,0.0,8.0,1.0,28.0,10.0,0.0,1.0,-1.0,1.0,0.0,2
2.0,0.0,2.0,2.0,23.0,2.0,0.0,0.0,0.0,0.0,0.0,1
2.0,0.0,2.0,1.0,11.0,2.0,0.0,1.0,1.0,0.0,4.0,1
1.0,0.0,7.0,6.0,58.0,11.0,0.0,0.0,0.42857142857142855,2.0,2.0,2
2.0,0.0,3.0,2.0,20.0,3.0,0.0,0.0,0.0,0.0,1.0,1
2.0,2.0,2.0,2.0,33.0,2.0,0.0,0.0,1.0,0.0,1.0,1
7.0,0.0,1.0,0.0,38.0,1.0,0.0,0.0,0.0,1.0,4.0,2
1.0,0.0,5.0,5.0,44.0,5.0,0.0,1.0,0.4,0.0,3.0,1
1.0,0.0,11.0,10.0,93.0,12.0,0.0,1.0,0.8181818181818182,0.0,1.0,1
0.0,0.0,1.0,1.0,8.0,1.0,0.0,1.0,-1.0,0.0,0.0,1
11.0,1.0,11.0,5.0,213.0,28.0,0.0,0.0,0.18181818181818182,3.0,11.0,2
0.0,0.0,1.0,1.0,17.0,6.0,0.0,1.0,-1.0,0.0,0.0,1
4.0,0.0,10.0,6.0,136.0,23.0,0.0,1.0,0.2,0.0,6.0,1
0.0,0.0,2.0,2.0,21.0,2.0,0.0,0.0,-1.0,0.0,1.0,1
0.0,0.0,2.0,2.0,24.0,3.0,0.0,0.0,-1.0,0.0,1.0,2
7.0,0.0,6.0,4.0,57.0,14.0,0.0,0.0,0.3333333333333333,0.0,4.0,1
9.0,0.0,8.0,3.0,296.0,28.0,0.0,1.0,0.0,0.0,10.0,2
4.0,0.0,2.0,2.0,20.0,2.0,0.0,0.0,1.0,0.0,1.0,1
3.0,0.0,5.0,5.0,54.0,5.0,0.0,2.0,0.6,3.0,0.0,1
6.0,2.0,14.0,14.0,110.0,17.0,0.0,0.0,0.0,6.0,0.0,1
6.0,0.0,10.0,3.0,251.0,47.0,0.0,0.0,0.0,2.0,5.0,2
0.0,0.0,1.0,1.0,7.0,1.0,0.0,0.0,-1.0,0.0,0.0,1
0.0,0.0,5.0,5.0,44.0,5.0,1.0,0.0,-1.0,0.0,0.0,2
30.0,0.0,87.0,84.0,1266.0,183.0,0.0,0.0,0.04597701149425287,36.0,12.0,2
3.0,0.0,2.0,2.0,16.0,3.0,0.0,0.0,0.0,0.0,0.0,1
7.0,0.0,13.0,13.0,273.0,29.0,1.0,0.0,0.0,0.0,8.0,1
11.0,0.0,22.0,22.0,254.0,22.0,0.0,0.0,0.5454545454545454,41.0,0.0,1
1.0,0.0,3.0,3.0,12.0,3.0,0.0,0.0,0.0,0.0,0.0,1
0.0,0.0,1.0,1.0,4.0,1.0,0.0,0.0,-1.0,0.0,1.0,1
3.0,0.0,3.0,2.0,61.0,6.0,0.0,0.0,0.6666666666666666,6.0,1.0,2
8.0,0.0,9.0,8.0,392.0,40.0,0.0,0.0,0.0,9.0,3.0,1
5.0,0.0,7.0,5.0,42.0,11.0,0.0,0.0,0.0,2.0,2.0,1
0.0,0.0,1.0,1.0,8.0,1.0,0.0,1.0,-1.0,0.0,0.0,1
0.0,0.0,11.0,11.0,47.0,11.0,0.0,0.0,-1.0,4.0,2.0,2
2.0,0.0,6.0,6.0,28.0,7.0,0.0,0.0,0.0,4.0,1.0,2
4.0,0.0,3.0,3.0,27.0,4.0,0.0,0.0,0.0,0.0,3.0,2
0.0,0.0,6.0,6.0,34.0,6.0,0.0,0.0,-1.0,0.0,2.0,2
1.0,0.0,3.0,3.0,12.0,3.0,0.0,0.0,0.0,0.0,0.0,1
0.0,0.0,2.0,2.0,21.0,2.0,0.0,0.0,-1.0,0.0,1.0,1
3.0,0.0,2.0,2.0,21.0,5.0,0.0,0.0,0.0,1.0,0.0,2
0.0,0.0,1.0,1.0,7.0,1.0,0.0,0.0,-1.0,0.0,1.0,1
0.0,0.0,22.0,22.0,127.0,22.0,0.0,0.0,-1.0,7.0,3.0,1
35.0,1.0,85.0,57.0,1108.0,185.0,0.0,1.0,0.058823529411764705,2.0,12.0,2
4.0,0.0,10.0,10.0,112.0,16.0,0.0,1.0,0.4,0.0,1.0,1
3.0,0.0,3.0,2.0,44.0,3.0,2.0,0.0,0.0,0.0,0.0,1
0.0,0.0,2.0,2.0,18.0,2.0,0.0,0.0,-1.0,0.0,1.0,1
0.0,0.0,1.0,1.0,17.0,6.0,0.0,1.0,-1.0,0.0,0.0,1
19.0,2.0,70.0,61.0,797.0,174.0,0.0,0.0,0.12857142857142856,3.0,26.0,2
5.0,0.0,14.0,14.0,66.0,15.0,0.0,0.0,0.0,4.0,1.0,2
8.0,0.0,13.0,13.0,67.0,20.0,0.0,0.0,0.23076923076923078,0.0,0.0,2
1.0,0.0,3.0,3.0,12.0,3.0,0.0,0.0,0.0,0.0,0.0,1
0.0,0.0,1.0,0.0,5.0,1.0,0.0,1.0,-1.0,0.0,0.0,1
0.0,0.0,13.0,1.0,140.0,15.0,0.0,0.0,-1.0,2.0,1.0,2
0.0,0.0,2.0,1.0,20.0,3.0,0.0,0.0,-1.0,1.0,3.0,2
1.0,0.0,5.0,5.0,41.0,10.0,0.0,2.0,0.8,1.0,1.0,2
5.0,0.0,15.0,12.0,131.0,23.0,14.0,0.0,0.5333333333333333,0.0,6.0,2
16.0,0.0,18.0,15.0,290.0,57.0,0.0,0.0,0.0,4.0,13.0,2
0.0,0.0,2.0,2.0,14.0,2.0,0.0,0.0,-1.0,0.0,1.0,1
1.0,0.0,2.0,1.0,20.0,3.0,0.0,2.0,1.0,0.0,3.0,2
2.0,0.0,4.0,3.0,27.0,4.0,0.0,0.0,0.5,0.0,3.0,1
1.0,0.0,4.0,4.0,38.0,4.0,0.0,1.0,1.0,0.0,0.0,1
3.0,0.0,70.0,70.0,266.0,72.0,1.0,1.0,0.9428571428571428,0.0,0.0,1
4.0,4.0,0.0,0.0,6.0,0.0,0.0,0.0,-1.0,3.0,0.0,1
1.0,0.0,9.0,9.0,68.0,11.0,0.0,0.0,0.4444444444444444,0.0,3.0,1
6.0,0.0,2.0,1.0,20.0,2.0,0.0,0.0,0.0,1.0,2.0,1
0.0,0.0,3.0,3.0,14.0,3.0,0.0,0.0,-1.0,0.0,0.0,1
0.0,0.0,1.0,1.0,8.0,1.0,0.0,1.0,-1.0,0.0,0.0,1
1.0,0.0,3.0,3.0,12.0,3.0,0.0,0.0,0.0,0.0,0.0,1
2.0,0.0,7.0,6.0,76.0,9.0,0.0,1.0,0.0,0.0,1.0,1
3.0,0.0,5.0,5.0,54.0,5.0,0.0,2.0,0.6,3.0,0.0,1
1.0,0.0,6.0,5.0,59.0,6.0,0.0,1.0,0.5,0.0,3.0,1
3.0,0.0,2.0,2.0,34.0,5.0,0.0,0.0,0.0,0.0,8.0,1
0.0,0.0,1.0,1.0,13.0,1.0,0.0,0.0,-1.0,0.0,0.0,2
1.0,0.0,1.0,1.0,16.0,2.0,0.0,0.0,0.0,1.0,5.0,2
7.0,0.0,11.0,11.0,216.0,21.0,0.0,1.0,0.36363636363636365,0.0,1.0,1
1.0,0.0,1.0,0.0,6.0,1.0,0.0,0.0,0.0,0.0,2.0,1
4.0,0.0,2.0,2.0,17.0,3.0,0.0,0.0,0.0,0.0,1.0,1
7.0,0.0,17.0,7.0,295.0,61.0,0.0,0.0,0.29411764705882354,1.0,12.0,2
5.0,0.0,5.0,3.0,36.0,9.0,0.0,0.0,0.0,2.0,2.0,2
2.0,0.0,5.0,3.0,46.0,7.0,0.0,0.0,0.6,0.0,7.0,1
4.0,0.0,4.0,4.0,59.0,10.0,0.0,0.0,0.75,17.0,2.0,2
1.0,0.0,0.0,0.0,3.0,0.0,0.0,0.0,-1.0,1.0,0.0,1
7.0,0.0,6.0,3.0,229.0,35.0,0.0,0.0,0.0,0.0,7.0,1
3.0,0.0,8.0,5.0,125.0,12.0,0.0,0.0,0.625,0.0,10.0,1
0.0,0.0,1.0,1.0,19.0,3.0,0.0,1.0,-1.0,0.0,3.0,2
0.0,0.0,1.0,1.0,37.0,7.0,0.0,0.0,-1.0,6.0,0.0,2
1.0,0.0,2.0,2.0,9.0,2.0,0.0,0.0,0.0,0.0,2.0,1
21.0,0.0,44.0,28.0,580.0,101.0,0.0,0.0,0.09090909090909091,1.0,12.0,2
2.0,0.0,8.0,8.0,48.0,8.0,0.0,0.0,1.0,0.0,4.0,2
2.0,0.0,2.0,2.0,10.0,2.0,0.0,0.0,0.0,0.0,0.0,1
2.0,0.0,10.0,9.0,105.0,17.0,1.0,1.0,0.0,1.0,3.0,1
5.0,0.0,10.0,10.0,103.0,22.0,0.0,0.0,0.0,1.0,2.0,2
0.0,0.0,1.0,1.0,12.0,1.0,3.0,0.0,-1.0,0.0,1.0,1
13.0,6.0,3.0,3.0,98.0,7.0,0.0,0.0,0.6666666666666666,0.0,12.0,1
0.0,0.0,3.0,3.0,17.0,3.0,0.0,2.0,-1.0,1.0,1.0,2
6.0,0.0,8.0,8.0,56.0,17.0,0.0,0.0,0.0,2.0,0.0,2
0.0,0.0,3.0,3.0,36.0,7.0,0.0,0.0,-1.0,88.0,0.0,2
1.0,0.0,3.0,3.0,12.0,3.0,0.0,0.0,0.0,0.0,0.0,1
3.0,0.0,4.0,3.0,30.0,7.0,0.0,0.0,0.0,0.0,2.0,1
5.0,0.0,13.0,8.0,269.0,54.0,0.0,0.0,0.23076923076923078,1.0,11.0,2
0.0,0.0,3.0,3.0,14.0,3.0,0.0,3.0,-1.0,2.0,3.0,2
3.0,0.0,200.0,199.0,1741.0,214.0,0.0,1.0,0.015,4.0,2.0,1
4.0,0.0,4.0,2.0,43.0,5.0,0.0,0.0,1.0,0.0,6.0,1
4.0,0.0,9.0,9.0,96.0,11.0,0.0,1.0,0.0,17.0,1.0,1
3.0,0.0,2.0,2.0,49.0,4.0,0.0,0.0,0.0,0.0,0.0,1
2.0,0.0,3.0,3.0,21.0,5.0,0.0,0.0,0.0,1.0,1.0,2
0.0,0.0,2.0,2.0,14.0,2.0,0.0,0.0,-1.0,0.0,2.0,1
4.0,0.0,9.0,8.0,74.0,13.0,1.0,0.0,0.6666666666666666,0.0,0.0,1
7.0,0.0,10.0,9.0,62.0,15.0,0.0,2.0,0.6,1.0,4.0,2
17.0,0.0,10.0,8.0,141.0,20.0,0.0,0.0,0.3,1.0,14.0,2
1.0,0.0,3.0,3.0,12.0,3.0,0.0,0.0,0.0,0.0,0.0,1
0.0,0.0,1.0,1.0,22.0,3.0,0.0,0.0,-1.0,0.0,1.0,2
1.0,0.0,1.0,0.0,10.0,1.0,0.0,1.0,0.0,0.0,2.0,1
0.0,0.0,2.0,1.0,7.0,2.0,0.0,0.0,-1.0,1.0,0.0,2
2.0,0.0,6.0,6.0,118.0,16.0,0.0,0.0,0.8333333333333334,0.0,6.0,2
4.0,0.0,5.0,5.0,52.0,5.0,0.0,0.0,0.0,0.0,0.0,1
2.0,0.0,9.0,9.0,78.0,9.0,6.0,0.0,0.7777777777777778,3.0,1.0,2
0.0,0.0,1.0,1.0,19.0,1.0,9.0,0.0,-1.0,1.0,1.0,2
2.0,0.0,5.0,4.0,108.0,17.0,0.0,0.0,0.0,0.0,2.0,1
2.0,0.0,3.0,3.0,26.0,3.0,0.0,0.0,0.0,0.0,0.0,2
0.0,0.0,3.0,3.0,14.0,3.0,0.0,0.0,-1.0,9.0,3.0,2
2.0,0.0,3.0,2.0,20.0,3.0,0.0,0.0,0.0,0.0,1.0,1
5.0,0.0,14.0,14.0,68.0,16.0,0.0,1.0,0.21428571428571427,0.0,5.0,1
0.0,0.0,9.0,9.0,65.0,9.0,0.0,0.0,-1.0,0.0,0.0,2
0.0,0.0,6.0,6.0,54.0,11.0,0.0,1.0,-1.0,1.0,1.0,2
0.0,0.0,17.0,17.0,19.0,17.0,1.0,0.0,-1.0,0.0,0.0,1
2.0,0.0,3.0,3.0,14.0,3.0,0.0,1.0,0.0,0.0,0.0,1
2.0,0.0,4.0,3.0,23.0,5.0,0.0,0.0,0.75,0.0,0.0,2
3.0,3.0,4.0,3.0,52.0,7.0,0.0,0.0,0.0,1.0,7.0,1
0.0,0.0,4.0,4.0,30.0,4.0,0.0,0.0,-1.0,3.0,1.0,2
5.0,0.0,7.0,6.0,36.0,8.0,0.0,0.0,0.42857142857142855,0.0,3.0,1
0.0,0.0,2.0,2.0,19.0,2.0,0.0,1.0,-1.0,0.0,1.0,1
0.0,0.0,15.0,7.0,101.0,18.0,0.0,0.0,-1.0,0.0,9.0,1
0.0,0.0,2.0,2.0,11.0,3.0,0.0,0.0,-1.0,0.0,1.0,1
3.0,0.0,14.0,10.0,316.0,93.0,0.0,1.0,0.5,0.0,5.0,2
0.0,0.0,3.0,3.0,11.0,3.0,0.0,3.0,-1.0,0.0,0.0,2
0.0,0.0,5.0,5.0,7.0,5.0,1.0,0.0,-1.0,10.0,1.0,2
1.0,0.0,2.0,2.0,22.0,2.0,0.0,0.0,1.0,0.0,0.0,2
0.0,0.0,3.0,3.0,14.0,3.0,0.0,2.0,-1.0,2.0,3.0,2
1.0,0.0,2.0,2.0,21.0,2.0,0.0,1.0,1.0,0.0,0.0,1
0.0,0.0,0.0,0.0,2.0,0.0,0.0,0.0,-1.0,0.0,0.0,2
1.0,0.0,1.0,0.0,29.0,4.0,0.0,0.0,0.0,0.0,2.0,1
1.0,0.0,4.0,4.0,15.0,4.0,0.0,1.0,1.0,1.0,0.0,1
3.0,0.0,5.0,5.0,55.0,9.0,0.0,2.0,0.0,4.0,0.0,1
2.0,0.0,11.0,11.0,114.0,14.0,0.0,1.0,0.0,0.0,3.0,1
0.0,0.0,1.0,0.0,5.0,1.0,0.0,0.0,-1.0,2.0,0.0,2
0.0,0.0,17.0,17.0,95.0,17.0,0.0,0.0,-1.0,4.0,3.0,2
3.0,0.0,15.0,15.0,75.0,15.0,0.0,0.0,0.6,0.0,6.0,1
17.0,6.0,5.0,2.0,146.0,20.0,8.0,0.0,0.0,0.0,10.0,1
3.0,2.0,2.0,2.0,44.0,2.0,0.0,0.0,1.0,0.0,1.0,1
5.0,0.0,18.0,6.0,352.0,76.0,0.0,0.0,0.0,1.0,13.0,1
30.0,30.0,0.0,0.0,120.0,0.0,0.0,0.0,-1.0,56.0,1.0,2
0.0,0.0,6.0,6.0,45.0,11.0,0.0,1.0,-1.0,1.0,1.0,2
0.0,0.0,6.0,6.0,35.0,6.0,0.0,0.0,-1.0,11.0,2.0,2
0.0,0.0,1.0,0.0,5.0,1.0,0.0,2.0,-1.0,2.0,0.0,1
8.0,0.0,12.0,12.0,119.0,20.0,0.0,0.0,0.3333333333333333,0.0,5.0,2
0.0,0.0,3.0,0.0,23.0,3.0,0.0,0.0,-1.0,5.0,0.0,2
0.0,0.0,2.0,2.0,12.0,2.0,0.0,0.0,-1.0,4.0,1.0,2
1.0,0.0,1.0,1.0,20.0,1.0,0.0,0.0,0.0,0.0,4.0,1
8.0,0.0,11.0,11.0,89.0,18.0,0.0,0.0,0.2727272727272727,1.0,3.0,2
1.0,0.0,1.0,1.0,29.0,2.0,0.0,0.0,0.0,0.0,2.0,1
1.0,0.0,2.0,2.0,9.0,2.0,0.0,0.0,0.0,3.0,0.0,2
2.0,0.0,28.0,27.0,97.0,29.0,0.0,0.0,0.0,0.0,1.0,1
38.0,36.0,11.0,5.0,152.0,22.0,0.0,0.0,0.5454545454545454,6.0,2.0,2
1.0,1.0,0.0,0.0,6.0,0.0,0.0,0.0,-1.0,4.0,0.0,1
2.0,0.0,4.0,4.0,19.0,5.0,0.0,0.0,0.5,1.0,2.0,2
2.0,0.0,5.0,5.0,49.0,5.0,0.0,0.0,0.6,0.0,0.0,1
0.0,0.0,1.0,1.0,8.0,1.0,0.0,1.0,-1.0,0.0,0.0,1
0.0,0.0,5.0,3.0,57.0,7.0,0.0,1.0,-1.0,1.0,5.0,1
2.0,0.0,10.0,9.0,46.0,12.0,0.0,1.0,0.4,1.0,7.0,2
3.0,0.0,3.0,3.0,27.0,4.0,0.0,1.0,0.0,0.0,3.0,1
1.0,0.0,2.0,2.0,12.0,2.0,0.0,0.0,0.0,0.0,0.0,1
6.0,0.0,22.0,22.0,217.0,38.0,2.0,0.0,0.3181818181818182,77.0,5.0,1
2.0,0.0,3.0,2.0,64.0,15.0,0.0,2.0,0.6666666666666666,0.0,4.0,2
4.0,0.0,6.0,5.0,37.0,7.0,0.0,0.0,0.8333333333333334,1.0,6.0,2
6.0,0.0,12.0,7.0,230.0,36.0,0.0,0.0,0.3333333333333333,3.0,2.0,2
5.0,1.0,4.0,4.0,51.0,8.0,1.0,0.0,0.0,3.0,2.0,1
1.0,0.0,7.0,4.0,48.0,14.0,0.0,0.0,0.0,1.0,1.0,2
1.0,0.0,2.0,1.0,22.0,2.0,0.0,1.0,0.0,0.0,1.0,2
2.0,0.0,2.0,2.0,32.0,6.0,0.0,0.0,0.0,0.0,1.0,1
2.0,0.0,6.0,6.0,28.0,7.0,0.0,0.0,0.0,5.0,1.0,2
0.0,0.0,2.0,1.0,11.0,3.0,0.0,0.0,-1.0,2.0,3.0,2
0.0,0.0,2.0,2.0,29.0,2.0,0.0,1.0,-1.0,0.0,0.0,1
1.0,0.0,2.0,2.0,34.0,4.0,0.0,0.0,0.0,40.0,1.0,2
2.0,0.0,12.0,8.0,165.0,27.0,0.0,1.0,0.25,1.0,9.0,1
3.0,0.0,6.0,6.0,57.0,6.0,1.0,0.0,0.8333333333333334,7.0,2.0,2
23.0,0.0,48.0,30.0,816.0,189.0,0.0,2.0,0.0625,0.0,21.0,2
7.0,0.0,4.0,4.0,226.0,28.0,0.0,0.0,0.0,0.0,7.0,2
7.0,0.0,2.0,1.0,56.0,12.0,0.0,0.0,0.0,0.0,0.0,2
4.0,0.0,5.0,5.0,52.0,5.0,0.0,0.0,0.0,3.0,1.0,2
1.0,0.0,3.0,2.0,25.0,4.0,0.0,0.0,0.0,0.0,3.0,1
1.0,0.0,2.0,0.0,8.0,2.0,0.0,0.0,1.0,0.0,2.0,1
1.0,0.0,4.0,4.0,15.0,4.0,0.0,1.0,1.0,2.0,0.0,1
0.0,0.0,2.0,2.0,19.0,2.0,1.0,0.0,-1.0,1.0,1.0,2
0.0,0.0,1.0,0.0,8.0,1.0,0.0,1.0,-1.0,1.0,0.0,1
0.0,0.0,1.0,1.0,5.0,1.0,0.0,0.0,-1.0,0.0,1.0,1
1.0,0.0,12.0,5.0,119.0,15.0,0.0,0.0,0.0,0.0,10.0,1
1.0,0.0,3.0,3.0,12.0,3.0,0.0,0.0,0.0,0.0,0.0,1
0.0,0.0,2.0,0.0,29.0,5.0,0.0,1.0,-1.0,0.0,2.0,2
0.0,0.0,17.0,16.0,167.0,17.0,0.0,0.0,-1.0,1.0,2.0,2
13.0,1.0,7.0,5.0,134.0,15.0,0.0,0.0,0.0,17.0,2.0,1
5.0,0.0,6.0,4.0,91.0,14.0,0.0,1.0,0.0,0.0,4.0,1
0.0,0.0,2.0,2.0,13.0,2.0,0.0,0.0,-1.0,0.0,0.0,1
1.0,0.0,1.0,1.0,36.0,1.0,0.0,0.0,0.0,0.0,2.0,2
0.0,0.0,1.0,1.0,37.0,7.0,0.0,0.0,-1.0,8.0,0.0,2
0.0,0.0,3.0,3.0,21.0,3.0,0.0,0.0,-1.0,0.0,4.0,1
56.0,3.0,103.0,60.0,2082.0,385.0,0.0,1.0,0.1553398058252427,3.0,38.0,2
5.0,0.0,5.0,4.0,37.0,7.0,0.0,1.0,0.4,0.0,5.0,1
14.0,0.0,22.0,16.0,266.0,47.0,0.0,1.0,0.22727272727272727,2.0,7.0,2
6.0,0.0,12.0,12.0,47.0,12.0,0.0,0.0,0.5,4.0,0.0,2
1.0,1.0,0.0,0.0,3.0,0.0,0.0,0.0,-1.0,4.0,0.0,1
0.0,0.0,0.0,0.0,2.0,0.0,1.0,0.0,-1.0,1.0,0.0,1
0.0,0.0,2.0,0.0,18.0,2.0,2.0,0.0,-1.0,0.0,1.0,2
3.0,0.0,5.0,5.0,95.0,16.0,0.0,1.0,0.4,0.0,2.0,2
0.0,0.0,1.0,1.0,37.0,7.0,0.0,0.0,-1.0,6.0,0.0,2
0.0,0.0,1.0,1.0,18.0,3.0,0.0,0.0,-1.0,0.0,2.0,1
4.0,0.0,9.0,6.0,164.0,27.0,0.0,1.0,0.0,0.0,5.0,1
3.0,0.0,13.0,11.0,181.0,31.0,0.0,0.0,0.6153846153846154,2.0,3.0,2
7.0,0.0,10.0,0.0,303.0,36.0,0.0,0.0,0.2,1.0,2.0,2
1.0,0.0,2.0,2.0,15.0,2.0,0.0,0.0,0.0,0.0,1.0,1
11.0,11.0,0.0,0.0,16.0,0.0,0.0,0.0,-1.0,11.0,0.0,2
3.0,0.0,25.0,11.0,484.0,80.0,0.0,0.0,0.32,9.0,14.0,2
0.0,0.0,2.0,1.0,7.0,2.0,0.0,0.0,-1.0,1.0,0.0,2
1.0,0.0,3.0,3.0,35.0,4.0,0.0,2.0,0.0,0.0,0.0,2
6.0,0.0,19.0,15.0,137.0,34.0,0.0,0.0,0.5789473684210527,4.0,8.0,2
0.0,0.0,3.0,3.0,21.0,3.0,0.0,0.0,-1.0,0.0,4.0,1
0.0,0.0,13.0,13.0,88.0,13.0,0.0,0.0,-1.0,9.0,0.0,2
0.0,0.0,7.0,7.0,29.0,7.0,0.0,0.0,-1.0,4.0,2.0,2
6.0,0.0,12.0,12.0,47.0,12.0,0.0,0.0,0.5,4.0,0.0,2
0.0,0.0,3.0,3.0,8.0,3.0,0.0,0.0,-1.0,0.0,0.0,1
7.0,0.0,11.0,11.0,54.0,11.0,0.0,0.0,0.2727272727272727,2.0,1.0,2
0.0,0.0,11.0,11.0,63.0,11.0,0.0,0.0,-1.0,38.0,2.0,2
1.0,0.0,1.0,1.0,6.0,1.0,0.0,0.0,0.0,0.0,0.0,1
5.0,0.0,8.0,8.0,108.0,23.0,0.0,0.0,0.0,1.0,0.0,2
2.0,2.0,4.0,4.0,47.0,4.0,0.0,0.0,1.0,0.0,0.0,2
1.0,0.0,2.0,2.0,33.0,2.0,0.0,0.0,0.0,0.0,1.0,1
6.0,0.0,11.0,11.0,137.0,21.0,0.0,3.0,0.0,1.0,0.0,2
0.0,0.0,2.0,2.0,13.0,2.0,0.0,3.0,-1.0,1.0,2.0,2
1.0,0.0,3.0,3.0,39.0,8.0,0.0,2.0,1.0,0.0,2.0,2
1.0,0.0,5.0,5.0,18.0,5.0,0.0,0.0,0.0,0.0,0.0,1
2.0,0.0,4.0,4.0,21.0,9.0,0.0,0.0,0.5,2.0,0.0,2
12.0,0.0,5.0,3.0,109.0,13.0,0.0,0.0,0.0,17.0,2.0,2
0.0,0.0,2.0,2.0,6.0,2.0,1.0,0.0,-1.0,11.0,1.0,1
0.0,0.0,1.0,0.0,5.0,1.0,0.0,1.0,-1.0,0.0,0.0,1
3.0,0.0,5.0,5.0,47.0,7.0,0.0,2.0,0.4,7.0,0.0,1
0.0,0.0,1.0,0.0,5.0,1.0,0.0,1.0,-1.0,2.0,0.0,1
0.0,0.0,1.0,1.0,5.0,1.0,0.0,1.0,-1.0,1.0,2.0,2
5.0,0.0,3.0,1.0,42.0,8.0,0.0,1.0,0.0,0.0,4.0,1
0.0,0.0,4.0,4.0,17.0,4.0,0.0,2.0,-1.0,0.0,0.0,2
2.0,0.0,7.0,6.0,89.0,10.0,0.0,0.0,0.2857142857142857,6.0,3.0,2
5.0,0.0,8.0,4.0,51.0,12.0,0.0,0.0,0.25,3.0,2.0,1
1.0,0.0,6.0,6.0,54.0,7.0,0.0,0.0,0.3333333333333333,1.0,0.0,2
0.0,0.0,1.0,0.0,40.0,4.0,0.0,0.0,-1.0,1.0,2.0,1
14.0,3.0,13.0,7.0,333.0,57.0,0.0,0.0,0.0,4.0,14.0,1
0.0,0.0,1.0,1.0,29.0,2.0,0.0,1.0,-1.0,0.0,2.0,2
0.0,0.0,4.0,4.0,47.0,10.0,0.0,1.0,-1.0,0.0,2.0,1
3.0,0.0,2.0,2.0,34.0,5.0,0.0,0.0,0.0,0.0,8.0,1
1.0,0.0,2.0,0.0,34.0,5.0,0.0,0.0,0.0,0.0,2.0,1
11.0,1.0,20.0,20.0,227.0,54.0,0.0,0.0,0.6,6.0,7.0,2
0.0,0.0,1.0,1.0,16.0,2.0,0.0,0.0,-1.0,1.0,1.0,2
0.0,0.0,3.0,3.0,31.0,3.0,0.0,0.0,-1.0,0.0,5.0,1
2.0,0.0,4.0,3.0,23.0,4.0,0.0,1.0,0.75,0.0,2.0,1
1.0,0.0,2.0,2.0,9.0,2.0,0.0,1.0,0.0,1.0,0.0,1
5.0,0.0,15.0,15.0,127.0,23.0,0.0,0.0,0.4,10.0,2.0,2
0.0,0.0,1.0,1.0,19.0,3.0,0.0,0.0,-1.0,0.0,3.0,2
3.0,2.0,2.0,1.0,33.0,3.0,0.0,1.0,1.0,2.0,1.0,2
4.0,0.0,1.0,0.0,15.0,5.0,0.0,0.0,0.0,1.0,2.0,2
2.0,1.0,7.0,7.0,77.0,11.0,0.0,0.0,0.0,12.0,1.0,1
6.0,0.0,13.0,7.0,202.0,33.0,0.0,0.0,0.23076923076923078,0.0,4.0,1
1.0,0.0,1.0,1.0,12.0,1.0,0.0,0.0,0.0,0.0,0.0,1
0.0,0.0,5.0,5.0,64.0,8.0,0.0,2.0,-1.0,1.0,2.0,1
1.0,0.0,2.0,2.0,11.0,3.0,0.0,0.0,0.0,0.0,0.0,1
0.0,0.0,1.0,0.0,14.0,1.0,0.0,0.0,-1.0,3.0,0.0,2
3.0,0.0,55.0,53.0,567.0,80.0,1.0,1.0,0.0,1.0,4.0,1
13.0,1.0,6.0,3.0,118.0,21.0,0.0,0.0,0.0,3.0,2.0,1
0.0,0.0,2.0,2.0,18.0,3.0,0.0,0.0,-1.0,1.0,1.0,2
1.0,0.0,27.0,21.0,125.0,32.0,0.0,2.0,0.0,0.0,1.0,2
0.0,0.0,2.0,1.0,40.0,4.0,0.0,0.0,-1.0,1.0,4.0,2
54.0,0.0,166.0,140.0,2342.0,399.0,0.0,0.0,0.05421686746987952,109.0,58.0,2
0.0,0.0,1.0,1.0,15.0,1.0,0.0,3.0,-1.0,0.0,0.0,2
2.0,0.0,0.0,0.0,7.0,0.0,0.0,0.0,-1.0,0.0,0.0,1
0.0,0.0,2.0,0.0,41.0,8.0,0.0,1.0,-1.0,0.0,3.0,2
4.0,0.0,13.0,11.0,118.0,27.0,0.0,0.0,0.23076923076923078,1.0,1.0,2
0.0,0.0,3.0,3.0,16.0,3.0,0.0,2.0,-1.0,1.0,1.0,2
3.0,0.0,4.0,4.0,45.0,6.0,0.0,0.0,1.0,9.0,0.0,2
2.0,0.0,3.0,3.0,32.0,4.0,0.0,2.0,0.0,1.0,1.0,2
122.0,122.0,0.0,0.0,451.0,0.0,0.0,0.0,-1.0,48.0,0.0,1
3.0,0.0,4.0,3.0,62.0,14.0,0.0,1.0,0.0,0.0,4.0,1
3.0,0.0,5.0,4.0,96.0,11.0,0.0,0.0,0.4,12.0,1.0,2
2.0,0.0,12.0,12.0,78.0,12.0,1.0,0.0,0.75,0.0,1.0,2
5.0,1.0,21.0,19.0,253.0,43.0,0.0,0.0,0.19047619047619047,28.0,3.0,2
2.0,0.0,3.0,3.0,14.0,3.0,0.0,0.0,0.0,3.0,2.0,2
3.0,0.0,2.0,0.0,11.0,2.0,5.0,1.0,0.0,0.0,3.0,1
2.0,0.0,2.0,1.0,11.0,2.0,0.0,1.0,1.0,0.0,5.0,1
2.0,0.0,2.0,1.0,161.0,37.0,0.0,0.0,0.0,7.0,1.0,1
2.0,2.0,8.0,8.0,87.0,8.0,10.0,0.0,1.0,17.0,1.0,1
1.0,0.0,1.0,0.0,6.0,1.0,0.0,2.0,0.0,0.0,2.0,1
0.0,0.0,1.0,1.0,6.0,1.0,0.0,0.0,-1.0,0.0,1.0,2
12.0,4.0,5.0,3.0,104.0,13.0,0.0,0.0,0.4,0.0,6.0,1
0.0,0.0,4.0,3.0,14.0,4.0,0.0,0.0,-1.0,0.0,0.0,1
2.0,0.0,43.0,41.0,207.0,52.0,0.0,2.0,0.06976744186046512,0.0,2.0,1
2.0,0.0,7.0,7.0,28.0,7.0,0.0,2.0,0.7142857142857143,2.0,4.0,2
1.0,0.0,46.0,44.0,722.0,168.0,0.0,0.0,0.5869565217391305,5.0,16.0,2
0.0,0.0,8.0,8.0,27.0,8.0,2.0,0.0,-1.0,5.0,0.0,2
3.0,0.0,1.0,0.0,9.0,1.0,0.0,0.0,0.0,3.0,0.0,2
2.0,0.0,6.0,3.0,138.0,27.0,0.0,1.0,0.3333333333333333,0.0,9.0,2
6.0,6.0,0.0,0.0,11.0,0.0,0.0,0.0,-1.0,4.0,0.0,2
0.0,0.0,2.0,2.0,14.0,3.0,0.0,0.0,-1.0,0.0,1.0,1
13.0,0.0,5.0,2.0,115.0,20.0,0.0,0.0,0.0,3.0,2.0,2
0.0,0.0,1.0,1.0,12.0,1.0,0.0,0.0,-1.0,1.0,0.0,2
7.0,2.0,95.0,94.0,587.0,167.0,0.0,0.0,0.021052631578947368,1.0,8.0,2
2.0,0.0,69.0,67.0,218.0,70.0,0.0,0.0,0.0,1.0,6.0,1
16.0,2.0,40.0,33.0,513.0,96.0,6.0,0.0,0.0,2.0,1.0,2
0.0,0.0,4.0,4.0,30.0,4.0,0.0,0.0,-1.0,1.0,0.0,2
6.0,0.0,11.0,11.0,71.0,16.0,0.0,0.0,0.36363636363636365,0.0,6.0,1
13.0,1.0,19.0,7.0,300.0,62.0,0.0,0.0,0.0,4.0,7.0,1
1.0,0.0,1.0,0.0,27.0,3.0,0.0,0.0,0.0,0.0,3.0,1
2.0,0.0,8.0,2.0,119.0,14.0,0.0,0.0,0.25,1.0,8.0,2
42.0,13.0,54.0,37.0,611.0,114.0,0.0,0.0,0.05555555555555555,5.0,19.0,2
5.0,0.0,10.0,4.0,101.0,18.0,1.0,1.0,0.0,0.0,2.0,1
0.0,0.0,4.0,2.0,97.0,8.0,0.0,0.0,-1.0,0.0,1.0,1
1.0,0.0,4.0,1.0,52.0,6.0,0.0,0.0,0.5,1.0,2.0,2
1.0,0.0,3.0,3.0,16.0,4.0,0.0,0.0,0.0,3.0,2.0,2
2.0,0.0,8.0,2.0,185.0,37.0,0.0,0.0,0.25,2.0,22.0,2
0.0,0.0,2.0,1.0,32.0,4.0,0.0,0.0,-1.0,0.0,1.0,1
4.0,0.0,21.0,19.0,227.0,48.0,0.0,1.0,0.23809523809523808,1.0,11.0,2
4.0,0.0,4.0,4.0,84.0,13.0,0.0,0.0,0.0,4.0,3.0,2
6.0,6.0,13.0,0.0,96.0,13.0,0.0,0.0,-1.0,97.0,4.0,1
1.0,0.0,6.0,6.0,55.0,7.0,0.0,0.0,0.3333333333333333,1.0,0.0,2
5.0,0.0,9.0,7.0,154.0,21.0,0.0,0.0,0.0,40.0,1.0,2
1.0,0.0,5.0,1.0,18.0,5.0,3.0,0.0,0.6,1.0,0.0,2
1.0,0.0,5.0,5.0,81.0,15.0,0.0,1.0,0.8,0.0,2.0,1
1.0,0.0,1.0,0.0,13.0,1.0,4.0,0.0,0.0,0.0,0.0,2
6.0,0.0,16.0,11.0,100.0,23.0,0.0,0.0,0.3125,0.0,7.0,2
1.0,0.0,2.0,2.0,9.0,2.0,3.0,2.0,1.0,3.0,3.0,1
0.0,0.0,1.0,1.0,14.0,1.0,0.0,0.0,-1.0,1.0,0.0,2
1.0,0.0,2.0,2.0,9.0,2.0,0.0,0.0,0.0,0.0,1.0,1
1.0,0.0,2.0,1.0,22.0,2.0,0.0,1.0,0.0,1.0,1.0,2
14.0,0.0,10.0,10.0,172.0,16.0,0.0,0.0,0.7,0.0,0.0,1
1.0,0.0,1.0,1.0,20.0,1.0,0.0,1.0,0.0,0.0,2.0,2
9.0,0.0,32.0,13.0,395.0,49.0,0.0,0.0,0.1875,2.0,6.0,1
23.0,14.0,33.0,31.0,294.0,64.0,0.0,0.0,0.21212121212121213,2.0,6.0,2
1.0,0.0,3.0,3.0,12.0,3.0,0.0,0.0,0.0,0.0,0.0,1
0.0,0.0,3.0,3.0,14.0,3.0,0.0,2.0,-1.0,1.0,1.0,2
0.0,0.0,3.0,3.0,14.0,3.0,0.0,2.0,-1.0,1.0,1.0,2
1.0,0.0,3.0,3.0,28.0,5.0,0.0,0.0,0.0,1.0,1.0,2
13.0,13.0,17.0,17.0,177.0,18.0,1.0,1.0,0.9411764705882353,20.0,4.0,1
2.0,0.0,4.0,4.0,20.0,4.0,0.0,1.0,0.5,1.0,0.0,1
0.0,0.0,16.0,16.0,53.0,16.0,0.0,0.0,-1.0,11.0,7.0,2
0.0,0.0,3.0,3.0,24.0,6.0,0.0,2.0,-1.0,2.0,1.0,2
4.0,0.0,17.0,15.0,81.0,23.0,0.0,0.0,0.23529411764705882,0.0,2.0,2
15.0,5.0,27.0,24.0,322.0,68.0,0.0,0.0,0.1111111111111111,2.0,7.0,2
5.0,3.0,8.0,7.0,44.0,11.0,0.0,1.0,0.0,1.0,0.0,1
5.0,0.0,11.0,8.0,202.0,34.0,0.0,0.0,0.0,1.0,1.0,2
0.0,0.0,2.0,2.0,11.0,2.0,0.0,2.0,-1.0,2.0,3.0,2
0.0,0.0,1.0,1.0,39.0,5.0,0.0,0.0,-1.0,0.0,6.0,1
9.0,2.0,6.0,6.0,135.0,18.0,0.0,0.0,0.3333333333333333,46.0,6.0,1
0.0,0.0,2.0,2.0,18.0,2.0,2.0,0.0,-1.0,1.0,1.0,2
8.0,0.0,8.0,8.0,93.0,11.0,0.0,0.0,0.375,0.0,8.0,2
0.0,0.0,1.0,0.0,5.0,1.0,0.0,2.0,-1.0,0.0,0.0,1
13.0,5.0,12.0,12.0,146.0,29.0,0.0,0.0,0.16666666666666666,21.0,1.0,1
2.0,0.0,2.0,1.0,11.0,2.0,0.0,1.0,1.0,0.0,3.0,1
1.0,0.0,1.0,0.0,40.0,4.0,0.0,0.0,0.0,0.0,4.0,1
1.0,0.0,1.0,0.0,7.0,1.0,0.0,0.0,0.0,0.0,2.0,1
1.0,0.0,2.0,0.0,51.0,8.0,0.0,0.0,0.0,0.0,4.0,1
3.0,0.0,2.0,2.0,40.0,10.0,0.0,0.0,0.0,0.0,1.0,1
6.0,0.0,3.0,3.0,45.0,5.0,0.0,0.0,1.0,2.0,4.0,2
0.0,0.0,2.0,2.0,21.0,3.0,0.0,0.0,-1.0,0.0,1.0,1
0.0,0.0,43.0,0.0,234.0,43.0,1.0,0.0,-1.0,0.0,0.0,1
13.0,0.0,59.0,42.0,520.0,82.0,0.0,0.0,0.3728813559322034,0.0,14.0,2
6.0,0.0,13.0,10.0,82.0,18.0,1.0,1.0,-1.0,19.0,2.0,1
3.0,0.0,15.0,15.0,118.0,33.0,0.0,0.0,0.0,0.0,9.0,2
6.0,0.0,6.0,4.0,106.0,17.0,0.0,0.0,0.6666666666666666,2.0,1.0,2
19.0,1.0,22.0,9.0,301.0,60.0,0.0,0.0,0.13636363636363635,3.0,7.0,1
34.0,0.0,30.0,22.0,402.0,67.0,0.0,1.0,0.16666666666666666,4.0,11.0,2
2.0,0.0,8.0,7.0,32.0,8.0,0.0,1.0,0.5,1.0,5.0,1
3.0,0.0,3.0,3.0,42.0,3.0,0.0,1.0,0.0,2.0,2.0,1
2.0,0.0,7.0,7.0,34.0,8.0,0.0,0.0,0.0,1.0,5.0,1
1.0,1.0,7.0,7.0,82.0,12.0,0.0,1.0,0.42857142857142855,1.0,1.0,1
1.0,0.0,2.0,2.0,22.0,5.0,0.0,0.0,0.0,0.0,1.0,1
1.0,1.0,6.0,3.0,72.0,10.0,0.0,0.0,0.8333333333333334,1.0,4.0,1
3.0,0.0,7.0,7.0,36.0,12.0,0.0,0.0,0.8571428571428571,2.0,3.0,2
0.0,0.0,2.0,2.0,18.0,2.0,0.0,0.0,-1.0,1.0,1.0,2
3.0,0.0,5.0,5.0,55.0,9.0,0.0,2.0,0.0,8.0,0.0,1
2.0,0.0,4.0,4.0,17.0,4.0,0.0,0.0,0.0,1.0,0.0,2
1.0,0.0,5.0,5.0,28.0,8.0,1.0,0.0,0.4,4.0,0.0,2
6.0,0.0,17.0,8.0,294.0,61.0,0.0,0.0,0.29411764705882354,1.0,11.0,2
2.0,0.0,4.0,4.0,19.0,5.0,0.0,0.0,0.5,1.0,1.0,2
0.0,0.0,1.0,1.0,12.0,1.0,1.0,0.0,-1.0,2.0,0.0,2
15.0,0.0,28.0,28.0,122.0,30.0,2.0,0.0,0.14285714285714285,59.0,0.0,1
2.0,0.0,16.0,13.0,154.0,20.0,1.0,1.0,0.0,0.0,2.0,1
12.0,0.0,23.0,14.0,373.0,56.0,0.0,1.0,0.13043478260869565,1.0,4.0,2
1.0,0.0,5.0,5.0,43.0,5.0,1.0,0.0,1.0,0.0,0.0,1
1.0,0.0,1.0,0.0,17.0,2.0,0.0,0.0,0.0,0.0,3.0,1
1.0,0.0,1.0,0.0,10.0,1.0,0.0,1.0,0.0,0.0,2.0,1
2.0,2.0,2.0,2.0,30.0,2.0,0.0,0.0,1.0,0.0,1.0,1
2.0,0.0,3.0,3.0,14.0,3.0,0.0,0.0,0.0,1.0,1.0,2
11.0,0.0,19.0,12.0,302.0,60.0,0.0,0.0,0.10526315789473684,5.0,3.0,2
1.0,0.0,5.0,5.0,27.0,5.0,0.0,0.0,0.0,0.0,1.0,2
3.0,0.0,9.0,9.0,100.0,17.0,0.0,0.0,0.0,2.0,1.0,2
18.0,0.0,21.0,21.0,376.0,78.0,0.0,0.0,0.14285714285714285,1.0,8.0,1
1.0,0.0,1.0,1.0,14.0,1.0,0.0,1.0,0.0,0.0,0.0,1
1.0,0.0,3.0,3.0,12.0,3.0,0.0,0.0,0.0,0.0,0.0,1
8.0,0.0,16.0,8.0,328.0,57.0,0.0,1.0,0.1875,3.0,6.0,2
13.0,0.0,6.0,3.0,118.0,21.0,0.0,0.0,0.0,5.0,2.0,2
19.0,0.0,25.0,19.0,507.0,85.0,0.0,0.0,0.0,3.0,4.0,2
5.0,0.0,15.0,15.0,133.0,23.0,0.0,0.0,0.4,9.0,2.0,2
1.0,0.0,3.0,3.0,46.0,4.0,0.0,2.0,0.0,0.0,0.0,2
0.0,0.0,4.0,4.0,75.0,4.0,0.0,0.0,-1.0,0.0,8.0,1
0.0,0.0,2.0,2.0,19.0,2.0,0.0,1.0,-1.0,0.0,1.0,1
3.0,0.0,14.0,13.0,189.0,22.0,0.0,1.0,0.14285714285714285,1.0,5.0,2
0.0,0.0,1.0,1.0,13.0,1.0,1.0,0.0,-1.0,1.0,0.0,2
0.0,0.0,6.0,6.0,36.0,6.0,0.0,0.0,-1.0,2.0,2.0,2
2.0,0.0,8.0,7.0,32.0,8.0,0.0,1.0,0.5,1.0,5.0,1
3.0,0.0,4.0,4.0,19.0,4.0,0.0,0.0,0.0,1.0,1.0,1
0.0,0.0,15.0,0.0,79.0,15.0,0.0,0.0,-1.0,19.0,0.0,2
2.0,0.0,3.0,3.0,21.0,5.0,0.0,0.0,0.0,1.0,1.0,2
1.0,0.0,3.0,3.0,12.0,3.0,0.0,0.0,0.0,0.0,0.0,1
1.0,0.0,3.0,3.0,12.0,3.0,0.0,0.0,0.0,0.0,0.0,1
9.0,0.0,3.0,3.0,63.0,7.0,0.0,0.0,0.0,0.0,6.0,2
3.0,0.0,9.0,9.0,82.0,12.0,0.0,0.0,0.5555555555555556,1.0,1.0,2
0.0,0.0,3.0,0.0,5.0,3.0,0.0,0.0,-1.0,5.0,0.0,2
1.0,0.0,4.0,4.0,18.0,4.0,0.0,0.0,1.0,0.0,0.0,1
4.0,0.0,6.0,6.0,68.0,10.0,0.0,0.0,0.3333333333333333,1.0,6.0,2
0.0,0.0,2.0,2.0,94.0,17.0,0.0,0.0,-1.0,11.0,1.0,1
1.0,1.0,0.0,0.0,6.0,0.0,0.0,0.0,-1.0,0.0,0.0,1
1.0,0.0,9.0,7.0,49.0,13.0,0.0,0.0,0.6666666666666666,0.0,1.0,2
0.0,0.0,1.0,1.0,29.0,6.0,0.0,0.0,-1.0,0.0,1.0,2
2.0,0.0,3.0,3.0,27.0,6.0,0.0,0.0,0.0,0.0,0.0,1
4.0,0.0,1.0,0.0,9.0,1.0,0.0,0.0,0.0,1.0,1.0,2
0.0,0.0,1.0,1.0,5.0,1.0,0.0,1.0,-1.0,0.0,2.0,1
1.0,0.0,2.0,2.0,9.0,2.0,0.0,0.0,1.0,0.0,0.0,1
0.0,0.0,3.0,3.0,36.0,7.0,0.0,0.0,-1.0,94.0,0.0,2
0.0,0.0,3.0,3.0,14.0,3.0,0.0,2.0,-1.0,2.0,3.0,2
0.0,0.0,1.0,0.0,9.0,1.0,5.0,0.0,-1.0,1.0,1.0,1
9.0,7.0,1.0,1.0,15.0,1.0,0.0,0.0,0.0,3.0,1.0,1
1.0,0.0,2.0,1.0,10.0,2.0,0.0,0.0,0.0,0.0,1.0,2
0.0,0.0,1.0,1.0,167.0,25.0,0.0,0.0,-1.0,0.0,1.0,2
17.0,0.0,31.0,31.0,181.0,33.0,0.0,0.0,0.4838709677419355,6.0,4.0,1
2.0,0.0,2.0,2.0,27.0,2.0,0.0,0.0,0.0,0.0,1.0,1
1.0,0.0,3.0,3.0,30.0,3.0,0.0,0.0,1.0,0.0,0.0,1
2.0,0.0,1.0,0.0,8.0,1.0,0.0,0.0,0.0,1.0,2.0,2
6.0,0.0,6.0,2.0,108.0,17.0,0.0,0.0,0.0,4.0,4.0,2
0.0,0.0,1.0,0.0,14.0,1.0,0.0,0.0,-1.0,3.0,0.0,2
2.0,0.0,5.0,4.0,85.0,8.0,0.0,0.0,0.4,3.0,1.0,2
0.0,0.0,2.0,2.0,14.0,2.0,0.0,1.0,-1.0,0.0,0.0,1
0.0,0.0,1.0,1.0,17.0,6.0,0.0,1.0,-1.0,0.0,0.0,1
1.0,0.0,1.0,0.0,7.0,1.0,0.0,0.0,0.0,0.0,2.0,1
0.0,0.0,1.0,1.0,5.0,1.0,0.0,0.0,-1.0,0.0,1.0,1
0.0,0.0,3.0,0.0,5.0,3.0,0.0,0.0,-1.0,0.0,1.0,1
10.0,4.0,6.0,6.0,79.0,8.0,0.0,0.0,0.5,0.0,7.0,1
0.0,0.0,6.0,6.0,45.0,11.0,0.0,1.0,-1.0,0.0,1.0,1
1.0,0.0,1.0,1.0,6.0,1.0,0.0,1.0,0.0,0.0,1.0,1
2.0,0.0,4.0,1.0,50.0,12.0,0.0,0.0,0.0,1.0,3.0,2
2.0,0.0,1.0,1.0,11.0,1.0,0.0,2.0,0.0,0.0,2.0,1
12.0,0.0,4.0,1.0,155.0,26.0,0.0,1.0,0.5,0.0,2.0,2
0.0,0.0,2.0,2.0,18.0,2.0,1.0,0.0,-1.0,1.0,1.0,2
0.0,0.0,2.0,2.0,27.0,4.0,0.0,0.0,-1.0,0.0,8.0,1
3.0,0.0,2.0,1.0,25.0,2.0,0.0,0.0,0.0,0.0,2.0,1
1.0,0.0,3.0,3.0,19.0,3.0,0.0,1.0,0.0,0.0,1.0,1
4.0,0.0,14.0,4.0,201.0,46.0,0.0,0.0,0.21428571428571427,2.0,14.0,1
0.0,0.0,1.0,1.0,19.0,1.0,9.0,0.0,-1.0,1.0,1.0,2
1.0,0.0,1.0,1.0,6.0,1.0,0.0,0.0,0.0,0.0,0.0,1
2.0,0.0,6.0,4.0,60.0,6.0,3.0,1.0,0.3333333333333333,0.0,0.0,1
3.0,0.0,8.0,4.0,123.0,25.0,0.0,2.0,0.0,0.0,1.0,1
0.0,0.0,3.0,3.0,14.0,3.0,0.0,2.0,-1.0,1.0,1.0,2
8.0,0.0,18.0,17.0,166.0,40.0,10.0,1.0,0.1111111111111111,4.0,3.0,1
6.0,0.0,7.0,6.0,33.0,7.0,0.0,2.0,0.2857142857142857,0.0,1.0,1
0.0,0.0,3.0,3.0,19.0,4.0,0.0,0.0,-1.0,0.0,2.0,1
2.0,0.0,2.0,0.0,14.0,2.0,0.0,1.0,0.0,12.0,0.0,2
8.0,0.0,3.0,2.0,57.0,10.0,0.0,0.0,0.0,1.0,1.0,2
0.0,0.0,1.0,1.0,8.0,1.0,0.0,1.0,-1.0,0.0,0.0,1
5.0,0.0,7.0,6.0,36.0,8.0,0.0,0.0,0.42857142857142855,0.0,3.0,1
0.0,0.0,5.0,5.0,64.0,5.0,0.0,0.0,-1.0,0.0,3.0,1
3.0,0.0,4.0,4.0,19.0,4.0,0.0,0.0,0.0,1.0,0.0,2
0.0,0.0,3.0,3.0,14.0,3.0,0.0,2.0,-1.0,2.0,3.0,2
0.0,0.0,10.0,10.0,106.0,10.0,0.0,0.0,-1.0,0.0,4.0,1
1.0,0.0,4.0,3.0,46.0,6.0,0.0,0.0,0.5,15.0,1.0,2
11.0,0.0,44.0,34.0,631.0,101.0,1.0,1.0,0.4090909090909091,3.0,5.0,1
1.0,0.0,2.0,1.0,36.0,4.0,0.0,1.0,0.0,0.0,2.0,2
1.0,0.0,1.0,0.0,7.0,1.0,0.0,0.0,0.0,0.0,2.0,1
0.0,0.0,2.0,2.0,11.0,2.0,0.0,2.0,-1.0,1.0,1.0,2
0.0,0.0,8.0,8.0,84.0,8.0,0.0,0.0,-1.0,0.0,5.0,1
3.0,0.0,4.0,4.0,19.0,4.0,0.0,0.0,0.0,3.0,0.0,2
5.0,1.0,4.0,4.0,51.0,8.0,0.0,0.0,0.5,3.0,2.0,1
14.0,5.0,17.0,17.0,186.0,36.0,0.0,0.0,0.23529411764705882,1.0,12.0,2
4.0,0.0,1.0,1.0,193.0,38.0,0.0,0.0,0.0,0.0,3.0,1
3.0,0.0,4.0,3.0,61.0,9.0,0.0,0.0,0.0,0.0,4.0,1
1.0,0.0,1.0,0.0,6.0,1.0,0.0,1.0,0.0,0.0,1.0,1
1.0,0.0,2.0,1.0,10.0,2.0,0.0,0.0,0.0,0.0,0.0,1
12.0,0.0,24.0,24.0,89.0,24.0,0.0,0.0,0.5,2.0,0.0,1
3.0,0.0,11.0,11.0,57.0,20.0,0.0,0.0,0.45454545454545453,3.0,1.0,2
1.0,1.0,10.0,10.0,57.0,10.0,0.0,1.0,-1.0,9.0,2.0,2
1.0,0.0,5.0,5.0,27.0,5.0,0.0,1.0,0.4,0.0,0.0,1
10.0,0.0,18.0,18.0,355.0,86.0,0.0,0.0,0.16666666666666666,1.0,8.0,1
6.0,0.0,11.0,11.0,98.0,18.0,0.0,0.0,0.18181818181818182,1.0,5.0,2
1.0,0.0,3.0,3.0,16.0,3.0,0.0,0.0,0.0,1.0,4.0,2
1.0,0.0,3.0,3.0,12.0,3.0,0.0,0.0,0.0,0.0,0.0,1
1.0,0.0,3.0,2.0,23.0,4.0,0.0,1.0,0.0,0.0,4.0,2
0.0,0.0,1.0,1.0,6.0,1.0,0.0,0.0,-1.0,0.0,1.0,2
2.0,0.0,1.0,1.0,106.0,10.0,0.0,0.0,0.0,0.0,2.0,1
12.0,0.0,41.0,13.0,227.0,72.0,0.0,0.0,0.0,2.0,4.0,1
4.0,0.0,9.0,9.0,109.0,25.0,0.0,2.0,0.0,4.0,1.0,2
3.0,0.0,4.0,3.0,30.0,7.0,0.0,0.0,0.0,0.0,2.0,1
0.0,0.0,1.0,1.0,3.0,1.0,1.0,0.0,-1.0,4.0,0.0,2
2.0,2.0,59.0,59.0,453.0,59.0,0.0,0.0,-1.0,98.0,4.0,1
1.0,0.0,2.0,2.0,14.0,3.0,0.0,0.0,1.0,1.0,3.0,2
1.0,0.0,1.0,1.0,48.0,2.0,0.0,0.0,0.0,0.0,2.0,1
0.0,0.0,1.0,1.0,17.0,6.0,0.0,1.0,-1.0,0.0,0.0,1
1.0,0.0,2.0,2.0,44.0,9.0,0.0,0.0,1.0,0.0,3.0,2
0.0,0.0,4.0,4.0,38.0,6.0,0.0,0.0,-1.0,0.0,1.0,1
1.0,0.0,4.0,1.0,94.0,23.0,0.0,1.0,0.75,0.0,2.0,1
10.0,0.0,23.0,21.0,118.0,30.0,0.0,0.0,0.0,1.0,3.0,1
11.0,0.0,19.0,19.0,193.0,19.0,0.0,0.0,0.47368421052631576,43.0,0.0,2
0.0,0.0,8.0,8.0,60.0,8.0,0.0,0.0,-1.0,0.0,2.0,2
5.0,0.0,8.0,7.0,87.0,13.0,0.0,2.0,0.0,0.0,14.0,1
3.0,0.0,5.0,5.0,37.0,9.0,0.0,0.0,0.4,1.0,2.0,2
1.0,0.0,3.0,3.0,12.0,3.0,0.0,0.0,0.0,0.0,0.0,1
28.0,0.0,62.0,38.0,1208.0,299.0,0.0,0.0,0.11290322580645161,5.0,25.0,2
0.0,0.0,4.0,4.0,6.0,4.0,1.0,0.0,-1.0,0.0,0.0,1
2.0,0.0,2.0,2.0,24.0,2.0,0.0,0.0,0.0,0.0,0.0,1
2.0,0.0,2.0,1.0,34.0,2.0,0.0,0.0,0.0,0.0,4.0,2
0.0,0.0,1.0,0.0,3.0,1.0,0.0,1.0,-1.0,0.0,0.0,1
0.0,0.0,7.0,7.0,79.0,19.0,0.0,1.0,-1.0,1.0,2.0,2
8.0,0.0,32.0,31.0,313.0,39.0,0.0,2.0,0.875,0.0,16.0,2
2.0,0.0,5.0,4.0,40.0,9.0,0.0,0.0,0.4,0.0,2.0,1
0.0,0.0,2.0,2.0,19.0,2.0,0.0,0.0,-1.0,0.0,1.0,1
2.0,0.0,3.0,3.0,21.0,5.0,0.0,0.0,0.0,1.0,1.0,2
2.0,0.0,5.0,5.0,33.0,5.0,0.0,0.0,0.8,1.0,2.0,2
5.0,2.0,8.0,6.0,83.0,17.0,0.0,0.0,0.25,1.0,5.0,1
0.0,0.0,1.0,1.0,5.0,1.0,0.0,1.0,-1.0,0.0,0.0,1
8.0,2.0,9.0,7.0,128.0,11.0,0.0,0.0,0.0,1.0,6.0,1
1.0,1.0,2.0,2.0,13.0,2.0,0.0,0.0,0.0,1.0,3.0,1
1.0,0.0,5.0,1.0,18.0,5.0,3.0,0.0,0.6,1.0,0.0,2
0.0,0.0,1.0,1.0,5.0,1.0,0.0,0.0,-1.0,0.0,0.0,1
1.0,0.0,4.0,3.0,26.0,5.0,0.0,2.0,0.5,1.0,1.0,2
2.0,0.0,4.0,4.0,20.0,4.0,0.0,0.0,0.5,2.0,0.0,2
2.0,0.0,5.0,5.0,26.0,7.0,0.0,0.0,0.0,0.0,0.0,2
5.0,1.0,9.0,8.0,42.0,14.0,1.0,0.0,0.6666666666666666,7.0,5.0,2
1.0,0.0,1.0,1.0,39.0,3.0,0.0,1.0,0.0,1.0,2.0,2
1.0,0.0,10.0,8.0,43.0,11.0,0.0,1.0,1.0,0.0,1.0,2
8.0,5.0,4.0,3.0,70.0,8.0,4.0,0.0,0.75,0.0,4.0,1
10.0,0.0,10.0,2.0,154.0,21.0,0.0,0.0,0.0,2.0,5.0,2
0.0,0.0,6.0,0.0,12.0,6.0,1.0,0.0,-1.0,22.0,0.0,2
9.0,0.0,11.0,10.0,121.0,16.0,0.0,1.0,0.36363636363636365,0.0,10.0,1
7.0,0.0,11.0,1.0,308.0,37.0,0.0,0.0,0.0,1.0,2.0,2
5.0,0.0,6.0,6.0,37.0,7.0,0.0,0.0,0.0,2.0,0.0,2
3.0,0.0,2.0,1.0,19.0,3.0,0.0,0.0,0.0,0.0,0.0,2
1.0,0.0,4.0,4.0,74.0,14.0,0.0,0.0,0.5,1.0,0.0,2
0.0,0.0,2.0,2.0,44.0,8.0,0.0,0.0,-1.0,0.0,1.0,1
17.0,17.0,0.0,0.0,74.0,0.0,0.0,0.0,-1.0,3.0,0.0,2
2.0,0.0,8.0,6.0,232.0,32.0,0.0,1.0,0.25,0.0,10.0,2
2.0,2.0,2.0,2.0,28.0,4.0,0.0,1.0,1.0,1.0,2.0,1
6.0,5.0,3.0,2.0,69.0,6.0,0.0,1.0,1.0,0.0,1.0,2
27.0,0.0,54.0,47.0,570.0,110.0,0.0,0.0,0.05555555555555555,23.0,14.0,2
0.0,0.0,1.0,0.0,3.0,1.0,0.0,1.0,-1.0,3.0,0.0,1
0.0,0.0,3.0,3.0,19.0,5.0,0.0,2.0,-1.0,2.0,1.0,1
1.0,1.0,3.0,3.0,12.0,3.0,0.0,0.0,0.6666666666666666,0.0,1.0,1
0.0,0.0,5.0,5.0,37.0,5.0,0.0,0.0,-1.0,0.0,1.0,1
0.0,0.0,1.0,1.0,11.0,1.0,0.0,0.0,-1.0,20.0,1.0,2
0.0,0.0,8.0,1.0,27.0,9.0,0.0,1.0,-1.0,1.0,0.0,2
1.0,0.0,6.0,5.0,64.0,10.0,0.0,0.0,0.6666666666666666,12.0,1.0,2
0.0,0.0,2.0,1.0,20.0,3.0,0.0,0.0,-1.0,1.0,3.0,2
6.0,6.0,0.0,0.0,8.0,0.0,0.0,0.0,-1.0,0.0,0.0,2
0.0,0.0,14.0,14.0,76.0,14.0,0.0,0.0,-1.0,2.0,0.0,2
0.0,0.0,3.0,2.0,7.0,3.0,2.0,1.0,-1.0,0.0,3.0,1
0.0,0.0,5.0,5.0,20.0,5.0,0.0,2.0,-1.0,1.0,1.0,2
3.0,0.0,10.0,10.0,55.0,12.0,0.0,0.0,0.3,0.0,3.0,2
3.0,0.0,3.0,2.0,64.0,6.0,0.0,0.0,0.0,0.0,1.0,1
3.0,0.0,2.0,2.0,21.0,5.0,0.0,0.0,0.0,1.0,0.0,2
9.0,0.0,20.0,20.0,110.0,22.0,0.0,0.0,0.45,1.0,2.0,1
0.0,0.0,7.0,7.0,44.0,7.0,0.0,0.0,-1.0,0.0,1.0,1
3.0,0.0,6.0,3.0,45.0,7.0,0.0,0.0,0.6666666666666666,0.0,1.0,1
2.0,0.0,3.0,3.0,35.0,4.0,0.0,2.0,0.0,4.0,0.0,1
6.0,0.0,7.0,7.0,47.0,10.0,0.0,0.0,0.0,0.0,4.0,1
20.0,5.0,12.0,6.0,196.0,30.0,0.0,0.0,0.3333333333333333,0.0,10.0,1
0.0,0.0,1.0,1.0,8.0,1.0,0.0,1.0,-1.0,0.0,0.0,1
0.0,0.0,4.0,4.0,30.0,4.0,0.0,0.0,-1.0,3.0,1.0,2
1.0,0.0,2.0,0.0,12.0,2.0,0.0,1.0,1.0,2.0,0.0,2
0.0,0.0,1.0,1.0,12.0,3.0,0.0,0.0,-1.0,0.0,1.0,2
0.0,0.0,2.0,1.0,28.0,4.0,0.0,1.0,-1.0,0.0,0.0,2
17.0,0.0,38.0,18.0,389.0,64.0,0.0,1.0,0.23684210526315788,2.0,10.0,1
1.0,0.0,4.0,4.0,15.0,4.0,0.0,1.0,1.0,1.0,0.0,1
7.0,0.0,2.0,2.0,96.0,11.0,0.0,0.0,0.0,1.0,9.0,2
0.0,0.0,1.0,1.0,17.0,6.0,0.0,1.0,-1.0,0.0,0.0,1
0.0,0.0,2.0,2.0,8.0,2.0,0.0,0.0,-1.0,0.0,2.0,1
7.0,0.0,1.0,0.0,38.0,1.0,0.0,0.0,0.0,1.0,4.0,2
2.0,0.0,13.0,13.0,106.0,24.0,0.0,0.0,0.0,1.0,3.0,2
0.0,0.0,7.0,7.0,47.0,7.0,0.0,0.0,-1.0,3.0,1.0,2
0.0,0.0,18.0,17.0,201.0,23.0,0.0,0.0,-1.0,0.0,4.0,1
16.0,0.0,11.0,8.0,247.0,40.0,0.0,0.0,0.18181818181818182,15.0,10.0,2
3.0,0.0,11.0,7.0,87.0,19.0,0.0,0.0,0.2727272727272727,0.0,0.0,1
5.0,4.0,50.0,11.0,247.0,81.0,4.0,0.0,0.72,9.0,7.0,2
0.0,0.0,8.0,8.0,46.0,8.0,0.0,1.0,-1.0,4.0,3.0,2
1.0,0.0,2.0,2.0,13.0,3.0,0.0,0.0,0.0,0.0,4.0,1
5.0,0.0,5.0,4.0,37.0,7.0,0.0,1.0,0.4,0.0,5.0,1
2.0,0.0,5.0,2.0,167.0,35.0,0.0,0.0,0.0,1.0,0.0,2
1.0,0.0,5.0,5.0,15.0,5.0,0.0,0.0,0.8,0.0,2.0,1
0.0,0.0,1.0,1.0,17.0,6.0,0.0,1.0,-1.0,0.0,0.0,1
0.0,0.0,1.0,1.0,9.0,1.0,0.0,0.0,-1.0,0.0,0.0,2
0.0,0.0,1.0,0.0,5.0,1.0,0.0,0.0,-1.0,0.0,0.0,1
6.0,0.0,8.0,5.0,106.0,10.0,0.0,1.0,0.375,1.0,1.0,2
0.0,0.0,1.0,1.0,5.0,1.0,0.0,0.0,-1.0,0.0,0.0,1
9.0,0.0,19.0,19.0,247.0,40.0,0.0,0.0,0.15789473684210525,6.0,2.0,2
1.0,0.0,1.0,1.0,16.0,2.0,0.0,0.0,0.0,2.0,1.0,2
1.0,0.0,3.0,3.0,16.0,4.0,0.0,0.0,0.0,3.0,2.0,2
0.0,0.0,15.0,0.0,79.0,15.0,0.0,0.0,-1.0,19.0,0.0,2
3.0,0.0,4.0,2.0,62.0,13.0,0.0,0.0,0.75,1.0,4.0,2
6.0,4.0,6.0,4.0,105.0,16.0,0.0,0.0,0.6666666666666666,2.0,1.0,1
3.0,0.0,3.0,3.0,23.0,4.0,0.0,1.0,0.0,0.0,3.0,1
12.0,4.0,5.0,3.0,104.0,13.0,0.0,0.0,0.4,0.0,6.0,1
10.0,0.0,10.0,2.0,154.0,21.0,0.0,0.0,0.0,2.0,5.0,2
5.0,0.0,11.0,11.0,82.0,15.0,0.0,0.0,0.18181818181818182,4.0,5.0,1
0.0,0.0,1.0,1.0,13.0,1.0,0.0,2.0,-1.0,0.0,0.0,1
2.0,2.0,2.0,2.0,22.0,2.0,0.0,0.0,1.0,0.0,1.0,1
16.0,4.0,20.0,20.0,262.0,26.0,0.0,0.0,0.0,19.0,6.0,1
12.0,1.0,55.0,53.0,600.0,117.0,0.0,0.0,0.16363636363636364,119.0,6.0,2
0.0,0.0,1.0,1.0,5.0,1.0,0.0,0.0,-1.0,0.0,0.0,2
0.0,0.0,1.0,1.0,6.0,1.0,0.0,0.0,-1.0,0.0,0.0,2
0.0,0.0,2.0,2.0,13.0,2.0,0.0,3.0,-1.0,1.0,2.0,2
0.0,0.0,0.0,0.0,2.0,0.0,0.0,0.0,-1.0,1.0,0.0,1
0.0,0.0,2.0,1.0,34.0,4.0,0.0,0.0,-1.0,1.0,2.0,2
1.0,0.0,3.0,2.0,12.0,3.0,0.0,0.0,0.6666666666666666,0.0,0.0,1
34.0,34.0,7.0,7.0,163.0,7.0,0.0,0.0,1.0,0.0,0.0,2
1.0,0.0,2.0,2.0,9.0,2.0,0.0,0.0,0.0,0.0,0.0,2
2.0,0.0,2.0,1.0,12.0,2.0,0.0,0.0,0.0,1.0,2.0,2
3.0,0.0,11.0,11.0,108.0,16.0,0.0,1.0,0.0,0.0,3.0,1
1.0,0.0,10.0,2.0,73.0,16.0,0.0,0.0,0.5,0.0,7.0,1
3.0,1.0,9.0,9.0,50.0,9.0,0.0,1.0,0.0,2.0,2.0,1
1.0,0.0,2.0,2.0,29.0,2.0,0.0,1.0,0.0,0.0,0.0,1
2.0,0.0,9.0,9.0,103.0,13.0,0.0,0.0,0.2222222222222222,0.0,1.0,1
0.0,0.0,3.0,0.0,15.0,3.0,0.0,1.0,-1.0,0.0,0.0,2
2.0,0.0,5.0,3.0,46.0,7.0,0.0,0.0,0.6,0.0,7.0,1
1.0,1.0,2.0,2.0,9.0,2.0,0.0,0.0,0.0,0.0,0.0,2
0.0,0.0,3.0,1.0,83.0,16.0,0.0,1.0,-1.0,1.0,3.0,2
15.0,4.0,33.0,30.0,441.0,80.0,0.0,0.0,0.21212121212121213,39.0,6.0,2
6.0,0.0,11.0,4.0,180.0,24.0,1.0,1.0,0.2727272727272727,3.0,4.0,2
6.0,0.0,10.0,6.0,237.0,52.0,0.0,1.0,0.0,1.0,7.0,2
1.0,0.0,3.0,3.0,12.0,3.0,0.0,0.0,0.0,0.0,0.0,1
2.0,0.0,7.0,3.0,132.0,24.0,0.0,1.0,0.0,1.0,8.0,1
0.0,0.0,116.0,116.0,323.0,116.0,0.0,2.0,-1.0,0.0,0.0,1
3.0,0.0,8.0,2.0,92.0,19.0,0.0,0.0,0.0,0.0,2.0,1
2.0,0.0,10.0,9.0,143.0,19.0,0.0,0.0,0.2,0.0,5.0,1
13.0,0.0,36.0,32.0,167.0,39.0,8.0,0.0,0.4444444444444444,15.0,8.0,2
0.0,0.0,2.0,2.0,17.0,2.0,0.0,0.0,-1.0,0.0,1.0,1
3.0,0.0,14.0,7.0,275.0,47.0,0.0,1.0,0.2857142857142857,3.0,8.0,2
0.0,0.0,1.0,1.0,23.0,6.0,0.0,0.0,-1.0,2.0,3.0,2
0.0,0.0,2.0,2.0,15.0,2.0,0.0,0.0,-1.0,0.0,0.0,1
4.0,0.0,10.0,10.0,104.0,19.0,0.0,1.0,0.0,0.0,0.0,1
1.0,0.0,3.0,3.0,12.0,3.0,0.0,0.0,0.0,0.0,0.0,1
1.0,0.0,6.0,5.0,58.0,6.0,0.0,1.0,0.5,0.0,3.0,1
6.0,0.0,9.0,7.0,158.0,28.0,0.0,0.0,0.0,0.0,5.0,1
1.0,0.0,5.0,2.0,36.0,6.0,0.0,1.0,0.4,0.0,4.0,1
2.0,0.0,4.0,4.0,17.0,4.0,0.0,0.0,0.0,1.0,0.0,2
0.0,0.0,1.0,1.0,5.0,1.0,0.0,0.0,-1.0,0.0,1.0,1
2.0,1.0,5.0,2.0,121.0,31.0,0.0,0.0,0.8,2.0,5.0,1
5.0,0.0,17.0,5.0,425.0,88.0,0.0,1.0,0.35294117647058826,2.0,13.0,2
3.0,1.0,5.0,5.0,28.0,9.0,0.0,0.0,0.0,1.0,1.0,2
0.0,0.0,10.0,10.0,60.0,10.0,0.0,0.0,-1.0,4.0,2.0,2
11.0,0.0,51.0,50.0,510.0,108.0,0.0,0.0,0.13725490196078433,16.0,5.0,2
0.0,0.0,1.0,1.0,13.0,1.0,0.0,0.0,-1.0,1.0,0.0,2
2.0,0.0,9.0,8.0,74.0,11.0,0.0,1.0,0.3333333333333333,0.0,2.0,1
1.0,0.0,4.0,4.0,20.0,5.0,0.0,1.0,0.0,0.0,1.0,1
1.0,0.0,0.0,0.0,3.0,0.0,0.0,0.0,-1.0,0.0,0.0,2
1.0,0.0,6.0,6.0,48.0,9.0,0.0,0.0,0.5,0.0,1.0,1
9.0,0.0,3.0,2.0,72.0,6.0,0.0,0.0,0.0,0.0,0.0,1
4.0,0.0,8.0,5.0,91.0,16.0,0.0,0.0,0.0,2.0,5.0,1
5.0,0.0,13.0,13.0,120.0,30.0,0.0,0.0,0.15384615384615385,20.0,2.0,2
1.0,0.0,3.0,2.0,15.0,4.0,0.0,0.0,0.0,1.0,0.0,2
7.0,0.0,21.0,21.0,186.0,23.0,1.0,0.0,0.7619047619047619,27.0,3.0,1
3.0,0.0,7.0,7.0,82.0,17.0,0.0,2.0,0.0,14.0,1.0,2
13.0,2.0,12.0,10.0,238.0,43.0,0.0,0.0,0.3333333333333333,0.0,13.0,1
1.0,0.0,1.0,1.0,20.0,1.0,0.0,0.0,0.0,0.0,4.0,1
2.0,0.0,3.0,3.0,20.0,5.0,0.0,0.0,0.0,0.0,1.0,1
7.0,2.0,4.0,3.0,40.0,5.0,0.0,0.0,0.0,2.0,1.0,1
15.0,0.0,33.0,21.0,453.0,81.0,0.0,0.0,0.06060606060606061,1.0,14.0,2
0.0,0.0,2.0,1.0,11.0,3.0,0.0,0.0,-1.0,2.0,2.0,2
13.0,3.0,16.0,5.0,130.0,26.0,0.0,0.0,0.25,3.0,5.0,1
6.0,0.0,14.0,14.0,110.0,17.0,0.0,0.0,0.0,6.0,0.0,2
3.0,2.0,4.0,4.0,22.0,5.0,0.0,0.0,0.5,2.0,1.0,2
1.0,0.0,6.0,6.0,20.0,6.0,0.0,0.0,1.0,0.0,0.0,1
0.0,0.0,15.0,0.0,79.0,15.0,0.0,0.0,-1.0,19.0,0.0,2
2.0,0.0,2.0,1.0,10.0,2.0,0.0,0.0,0.0,0.0,0.0,1
3.0,0.0,9.0,8.0,37.0,10.0,0.0,0.0,0.0,1.0,4.0,2
0.0,0.0,1.0,1.0,25.0,1.0,0.0,0.0,-1.0,0.0,2.0,1
1.0,0.0,2.0,2.0,9.0,2.0,0.0,0.0,0.0,0.0,0.0,2
6.0,0.0,9.0,3.0,64.0,11.0,0.0,1.0,0.7777777777777778,0.0,0.0,2
3.0,0.0,9.0,9.0,83.0,12.0,0.0,0.0,0.5555555555555556,3.0,1.0,2
3.0,0.0,0.0,0.0,19.0,0.0,0.0,0.0,-1.0,2.0,0.0,2
0.0,0.0,1.0,1.0,5.0,1.0,0.0,0.0,-1.0,1.0,0.0,2
1.0,0.0,1.0,1.0,20.0,1.0,0.0,0.0,0.0,0.0,1.0,1
3.0,0.0,6.0,6.0,45.0,10.0,4.0,0.0,0.5,5.0,4.0,2
4.0,0.0,9.0,9.0,113.0,26.0,0.0,2.0,0.0,4.0,1.0,2
11.0,0.0,46.0,45.0,679.0,75.0,0.0,0.0,0.043478260869565216,4.0,2.0,1
1.0,1.0,0.0,0.0,3.0,0.0,0.0,0.0,-1.0,3.0,0.0,2
2.0,0.0,4.0,4.0,143.0,28.0,0.0,0.0,0.0,2.0,2.0,2
0.0,0.0,1.0,1.0,12.0,1.0,0.0,0.0,-1.0,1.0,0.0,2
2.0,0.0,7.0,6.0,108.0,17.0,0.0,0.0,0.0,2.0,1.0,2
0.0,0.0,1.0,1.0,13.0,1.0,1.0,0.0,-1.0,1.0,0.0,2
1.0,0.0,1.0,1.0,9.0,1.0,0.0,1.0,0.0,2.0,0.0,1
1.0,0.0,2.0,2.0,34.0,6.0,0.0,0.0,0.0,0.0,3.0,2
0.0,0.0,10.0,10.0,60.0,10.0,0.0,0.0,-1.0,3.0,2.0,2
1.0,0.0,3.0,3.0,54.0,3.0,0.0,0.0,0.6666666666666666,0.0,1.0,1
2.0,0.0,1.0,1.0,27.0,2.0,0.0,0.0,0.0,0.0,6.0,1
0.0,0.0,16.0,16.0,161.0,19.0,0.0,0.0,-1.0,0.0,2.0,1
3.0,0.0,24.0,20.0,154.0,36.0,0.0,2.0,0.0,0.0,4.0,2
0.0,0.0,1.0,1.0,20.0,4.0,0.0,0.0,-1.0,0.0,0.0,1
0.0,0.0,2.0,2.0,17.0,2.0,0.0,1.0,-1.0,0.0,1.0,1
32.0,0.0,51.0,46.0,503.0,98.0,0.0,0.0,0.17647058823529413,2.0,11.0,2
0.0,0.0,1.0,0.0,12.0,2.0,0.0,0.0,-1.0,0.0,0.0,1
1.0,0.0,5.0,5.0,30.0,8.0,0.0,0.0,0.6,1.0,3.0,2
35.0,0.0,34.0,29.0,587.0,103.0,0.0,0.0,0.0,4.0,16.0,2
1.0,0.0,1.0,0.0,6.0,1.0,0.0,2.0,0.0,0.0,2.0,1
22.0,0.0,42.0,35.0,601.0,86.0,0.0,0.0,0.19047619047619047,3.0,12.0,2
0.0,0.0,2.0,2.0,43.0,8.0,0.0,1.0,-1.0,0.0,1.0,2
1.0,0.0,2.0,2.0,16.0,3.0,0.0,0.0,0.0,0.0,1.0,1
0.0,0.0,6.0,6.0,25.0,8.0,0.0,0.0,-1.0,1.0,0.0,2
10.0,0.0,24.0,22.0,501.0,90.0,0.0,1.0,0.375,28.0,4.0,2
1.0,0.0,2.0,2.0,15.0,3.0,0.0,0.0,0.0,0.0,0.0,2
2.0,1.0,1.0,0.0,11.0,1.0,0.0,0.0,0.0,2.0,2.0,2
0.0,0.0,7.0,7.0,50.0,7.0,1.0,1.0,-1.0,19.0,3.0,1
0.0,0.0,5.0,5.0,29.0,5.0,0.0,0.0,-1.0,17.0,0.0,2
1.0,0.0,7.0,6.0,75.0,12.0,0.0,2.0,0.7142857142857143,3.0,7.0,1
5.0,1.0,4.0,4.0,51.0,8.0,0.0,0.0,0.5,3.0,2.0,1
4.0,0.0,2.0,2.0,42.0,4.0,0.0,1.0,0.0,0.0,2.0,2
1.0,0.0,7.0,7.0,85.0,10.0,0.0,0.0,1.0,3.0,0.0,2
1.0,0.0,2.0,0.0,51.0,8.0,0.0,0.0,0.0,0.0,4.0,1
0.0,0.0,7.0,7.0,41.0,7.0,0.0,0.0,-1.0,2.0,2.0,2
0.0,0.0,8.0,0.0,10.0,8.0,2.0,0.0,-1.0,1.0,1.0,2
0.0,0.0,1.0,1.0,72.0,6.0,0.0,0.0,-1.0,0.0,1.0,2
12.0,0.0,19.0,12.0,300.0,60.0,0.0,0.0,0.10526315789473684,5.0,5.0,2
1.0,0.0,4.0,1.0,52.0,6.0,0.0,0.0,0.5,1.0,2.0,2
3.0,0.0,3.0,2.0,30.0,4.0,0.0,0.0,0.0,3.0,3.0,2
8.0,0.0,3.0,2.0,54.0,10.0,0.0,0.0,0.0,1.0,1.0,2
14.0,0.0,56.0,55.0,468.0,91.0,0.0,1.0,0.05357142857142857,2.0,16.0,2
0.0,0.0,7.0,0.0,42.0,7.0,0.0,1.0,-1.0,0.0,0.0,1
6.0,0.0,12.0,7.0,229.0,36.0,0.0,0.0,0.3333333333333333,4.0,2.0,2
0.0,0.0,1.0,1.0,19.0,1.0,9.0,0.0,-1.0,1.0,1.0,2
1.0,0.0,3.0,3.0,16.0,4.0,0.0,0.0,0.0,3.0,2.0,2
21.0,0.0,17.0,14.0,276.0,48.0,0.0,0.0,0.0,4.0,9.0,2
3.0,0.0,1.0,0.0,8.0,1.0,0.0,0.0,0.0,1.0,0.0,2
1.0,0.0,5.0,5.0,15.0,5.0,0.0,0.0,0.8,0.0,2.0,1
1.0,0.0,2.0,2.0,18.0,2.0,0.0,0.0,0.0,0.0,1.0,1
4.0,3.0,5.0,3.0,132.0,24.0,0.0,0.0,0.6,1.0,2.0,2
2.0,0.0,12.0,12.0,96.0,23.0,0.0,0.0,0.0,1.0,3.0,2
0.0,0.0,1.0,0.0,13.0,2.0,0.0,1.0,-1.0,0.0,2.0,1
6.0,0.0,4.0,3.0,57.0,4.0,1.0,2.0,1.0,0.0,2.0,1
0.0,0.0,3.0,0.0,5.0,3.0,0.0,0.0,-1.0,0.0,1.0,1
0.0,0.0,21.0,19.0,167.0,28.0,0.0,0.0,-1.0,0.0,7.0,2
3.0,0.0,3.0,3.0,45.0,3.0,0.0,1.0,0.6666666666666666,0.0,0.0,1
0.0,0.0,4.0,3.0,66.0,11.0,0.0,0.0,-1.0,0.0,5.0,1
1.0,0.0,1.0,1.0,11.0,1.0,0.0,0.0,0.0,0.0,2.0,2
1.0,1.0,0.0,0.0,6.0,0.0,0.0,0.0,-1.0,1.0,0.0,1
52.0,15.0,113.0,102.0,1291.0,286.0,2.0,0.0,0.061946902654867256,3.0,14.0,2
6.0,0.0,8.0,8.0,56.0,17.0,0.0,0.0,0.0,2.0,1.0,2
3.0,0.0,5.0,5.0,39.0,9.0,0.0,1.0,0.0,0.0,2.0,1
16.0,8.0,25.0,25.0,224.0,46.0,0.0,0.0,0.0,2.0,15.0,2
3.0,0.0,7.0,5.0,97.0,18.0,1.0,0.0,0.0,4.0,3.0,2
4.0,0.0,3.0,1.0,152.0,16.0,0.0,0.0,0.0,0.0,1.0,2
0.0,0.0,2.0,1.0,82.0,23.0,0.0,1.0,-1.0,0.0,2.0,1
0.0,0.0,11.0,11.0,13.0,11.0,2.0,0.0,-1.0,2.0,0.0,2
3.0,2.0,2.0,2.0,44.0,2.0,0.0,0.0,1.0,0.0,1.0,1
1.0,0.0,4.0,4.0,34.0,4.0,0.0,0.0,1.0,2.0,0.0,2
2.0,0.0,9.0,7.0,77.0,10.0,0.0,0.0,0.2222222222222222,1.0,7.0,2
1.0,0.0,4.0,1.0,17.0,4.0,0.0,1.0,0.0,0.0,1.0,1
8.0,0.0,13.0,11.0,139.0,29.0,0.0,0.0,0.3076923076923077,1.0,4.0,2
5.0,0.0,2.0,2.0,50.0,4.0,0.0,0.0,0.0,0.0,1.0,1
1.0,0.0,1.0,1.0,6.0,1.0,0.0,1.0,0.0,0.0,1.0,1
1.0,0.0,9.0,9.0,61.0,10.0,0.0,0.0,0.4444444444444444,0.0,4.0,1
0.0,0.0,4.0,4.0,35.0,8.0,0.0,2.0,-1.0,1.0,1.0,2
4.0,0.0,11.0,7.0,135.0,21.0,2.0,1.0,0.2727272727272727,0.0,4.0,2
2.0,0.0,0.0,0.0,4.0,0.0,0.0,0.0,-1.0,1.0,1.0,1
3.0,0.0,7.0,6.0,46.0,8.0,0.0,1.0,0.0,0.0,0.0,2
1.0,0.0,3.0,3.0,12.0,3.0,0.0,0.0,0.0,0.0,0.0,1
29.0,0.0,19.0,9.0,429.0,71.0,0.0,0.0,0.0,3.0,20.0,2
0.0,0.0,3.0,3.0,28.0,3.0,0.0,2.0,-1.0,0.0,3.0,1
33.0,0.0,172.0,153.0,1995.0,234.0,0.0,0.0,0.01744186046511628,7.0,6.0,1
1.0,0.0,4.0,4.0,20.0,5.0,0.0,1.0,0.0,0.0,1.0,1
6.0,0.0,9.0,8.0,144.0,18.0,0.0,0.0,0.0,6.0,3.0,2
1.0,0.0,4.0,2.0,107.0,22.0,0.0,0.0,0.0,1.0,1.0,2
1.0,0.0,5.0,5.0,18.0,5.0,0.0,1.0,0.0,0.0,0.0,1
8.0,0.0,19.0,18.0,163.0,43.0,0.0,0.0,0.10526315789473684,2.0,1.0,2
0.0,0.0,1.0,1.0,9.0,2.0,0.0,0.0,-1.0,0.0,0.0,2
0.0,0.0,1.0,1.0,17.0,6.0,0.0,1.0,-1.0,0.0,0.0,1
0.0,0.0,1.0,1.0,5.0,1.0,0.0,0.0,-1.0,0.0,0.0,1
0.0,0.0,1.0,1.0,38.0,9.0,0.0,0.0,-1.0,0.0,1.0,1
0.0,0.0,2.0,1.0,24.0,7.0,0.0,0.0,-1.0,1.0,0.0,2
2.0,0.0,2.0,1.0,18.0,3.0,0.0,1.0,1.0,0.0,3.0,2
1.0,0.0,2.0,2.0,23.0,2.0,0.0,0.0,1.0,0.0,0.0,1
10.0,0.0,21.0,13.0,367.0,55.0,0.0,1.0,0.14285714285714285,1.0,4.0,2
2.0,0.0,2.0,2.0,29.0,2.0,0.0,0.0,0.0,0.0,0.0,1
0.0,0.0,17.0,17.0,46.0,17.0,1.0,0.0,-1.0,10.0,3.0,2
2.0,0.0,5.0,0.0,31.0,6.0,0.0,2.0,0.4,0.0,1.0,1
3.0,0.0,2.0,2.0,18.0,2.0,0.0,0.0,0.0,0.0,0.0,1
1.0,0.0,4.0,4.0,15.0,4.0,0.0,1.0,0.0,0.0,1.0,1
3.0,0.0,42.0,42.0,308.0,48.0,0.0,1.0,0.0,0.0,2.0,1
6.0,0.0,21.0,18.0,261.0,38.0,0.0,0.0,0.0,8.0,3.0,2
2.0,0.0,2.0,1.0,12.0,2.0,0.0,0.0,0.0,1.0,2.0,2
7.0,0.0,11.0,10.0,71.0,16.0,0.0,0.0,0.8181818181818182,1.0,5.0,2
0.0,0.0,1.0,1.0,16.0,2.0,0.0,0.0,-1.0,1.0,1.0,2
7.0,0.0,9.0,9.0,55.0,17.0,0.0,0.0,0.0,0.0,3.0,2
8.0,0.0,3.0,2.0,71.0,12.0,0.0,0.0,0.0,1.0,2.0,2
30.0,0.0,34.0,19.0,829.0,154.0,0.0,0.0,0.11764705882352941,20.0,3.0,1
2.0,0.0,2.0,2.0,16.0,2.0,0.0,0.0,0.0,0.0,0.0,1
0.0,0.0,3.0,1.0,89.0,16.0,0.0,1.0,-1.0,1.0,3.0,1
4.0,0.0,4.0,4.0,49.0,8.0,1.0,0.0,0.0,2.0,2.0,2
0.0,0.0,1.0,1.0,4.0,1.0,0.0,0.0,-1.0,0.0,0.0,1
1.0,0.0,11.0,10.0,107.0,11.0,0.0,0.0,0.36363636363636365,0.0,12.0,1
1.0,0.0,24.0,24.0,157.0,55.0,0.0,0.0,0.6666666666666666,29.0,6.0,2
1.0,0.0,3.0,3.0,12.0,3.0,0.0,0.0,0.0,0.0,0.0,1
1.0,0.0,1.0,1.0,28.0,4.0,0.0,0.0,0.0,0.0,5.0,1
4.0,3.0,5.0,3.0,40.0,9.0,0.0,0.0,0.0,4.0,1.0,2
3.0,0.0,17.0,16.0,153.0,26.0,1.0,1.0,0.0,1.0,3.0,1
0.0,0.0,1.0,1.0,4.0,1.0,0.0,0.0,-1.0,0.0,0.0,1
2.0,0.0,7.0,7.0,73.0,10.0,0.0,0.0,0.2857142857142857,0.0,0.0,1
13.0,13.0,20.0,20.0,254.0,33.0,1.0,0.0,-1.0,58.0,8.0,2
55.0,0.0,112.0,50.0,3128.0,522.0,0.0,0.0,0.10714285714285714,8.0,27.0,2
0.0,0.0,2.0,2.0,19.0,2.0,0.0,0.0,-1.0,1.0,0.0,2
0.0,0.0,1.0,1.0,35.0,2.0,0.0,0.0,-1.0,0.0,1.0,2
5.0,0.0,15.0,15.0,132.0,23.0,0.0,0.0,0.4,8.0,2.0,2
1.0,1.0,2.0,2.0,54.0,11.0,0.0,0.0,1.0,0.0,2.0,1
97.0,1.0,95.0,79.0,1361.0,243.0,0.0,1.0,0.17894736842105263,2.0,13.0,2
6.0,3.0,7.0,7.0,51.0,7.0,0.0,0.0,0.42857142857142855,0.0,3.0,1
2.0,0.0,12.0,12.0,96.0,23.0,0.0,0.0,0.0,1.0,3.0,2
0.0,0.0,5.0,5.0,20.0,5.0,0.0,2.0,-1.0,1.0,1.0,2
1.0,0.0,3.0,3.0,12.0,3.0,0.0,0.0,0.0,0.0,0.0,1
3.0,0.0,4.0,2.0,63.0,9.0,0.0,0.0,0.75,0.0,6.0,1
0.0,0.0,3.0,3.0,22.0,3.0,0.0,0.0,-1.0,1.0,2.0,2
2.0,0.0,3.0,3.0,16.0,4.0,0.0,0.0,0.0,0.0,0.0,2
0.0,0.0,1.0,1.0,17.0,1.0,0.0,0.0,-1.0,0.0,2.0,1
1.0,0.0,2.0,2.0,34.0,4.0,0.0,0.0,0.0,49.0,1.0,2
0.0,0.0,0.0,0.0,2.0,0.0,0.0,0.0,-1.0,0.0,0.0,1
0.0,0.0,8.0,8.0,60.0,8.0,0.0,0.0,-1.0,0.0,4.0,1
1.0,0.0,2.0,2.0,15.0,2.0,0.0,0.0,0.0,0.0,0.0,2
10.0,3.0,9.0,9.0,91.0,17.0,0.0,0.0,0.0,0.0,9.0,2
15.0,0.0,16.0,9.0,311.0,40.0,0.0,1.0,0.1875,0.0,7.0,1
3.0,0.0,8.0,7.0,62.0,16.0,0.0,0.0,0.5,0.0,3.0,1
0.0,0.0,1.0,1.0,8.0,1.0,0.0,0.0,-1.0,0.0,0.0,2
0.0,0.0,2.0,1.0,24.0,7.0,0.0,0.0,-1.0,1.0,0.0,2
3.0,0.0,1.0,1.0,23.0,1.0,0.0,0.0,0.0,2.0,1.0,2
0.0,0.0,2.0,1.0,7.0,2.0,0.0,0.0,-1.0,1.0,0.0,2
1.0,0.0,3.0,3.0,28.0,3.0,0.0,1.0,0.6666666666666666,0.0,1.0,2
0.0,0.0,1.0,1.0,15.0,2.0,0.0,0.0,-1.0,1.0,0.0,2
7.0,0.0,5.0,4.0,89.0,19.0,0.0,0.0,0.0,1.0,5.0,1
0.0,0.0,3.0,2.0,43.0,6.0,0.0,2.0,-1.0,0.0,9.0,1
0.0,0.0,1.0,1.0,8.0,1.0,0.0,0.0,-1.0,0.0,1.0,2
0.0,0.0,9.0,7.0,93.0,9.0,0.0,0.0,-1.0,0.0,4.0,2
0.0,0.0,2.0,2.0,35.0,3.0,0.0,0.0,-1.0,0.0,1.0,1
8.0,0.0,11.0,11.0,90.0,18.0,0.0,0.0,0.2727272727272727,1.0,2.0,2
0.0,0.0,0.0,0.0,2.0,0.0,0.0,0.0,-1.0,1.0,0.0,1
0.0,0.0,2.0,2.0,18.0,2.0,0.0,0.0,-1.0,0.0,1.0,1
4.0,0.0,14.0,14.0,72.0,17.0,0.0,0.0,0.2857142857142857,1.0,4.0,2
0.0,0.0,2.0,1.0,34.0,4.0,0.0,0.0,-1.0,1.0,2.0,2
2.0,0.0,4.0,3.0,38.0,8.0,0.0,0.0,0.5,5.0,1.0,2
11.0,1.0,15.0,15.0,168.0,17.0,0.0,0.0,0.0,15.0,0.0,1
0.0,0.0,12.0,10.0,58.0,12.0,0.0,0.0,-1.0,0.0,4.0,1
5.0,0.0,12.0,3.0,217.0,45.0,0.0,1.0,0.0,0.0,4.0,1
3.0,0.0,6.0,6.0,26.0,6.0,0.0,0.0,0.5,0.0,0.0,2
0.0,0.0,27.0,27.0,72.0,27.0,0.0,2.0,-1.0,0.0,3.0,1
5.0,0.0,12.0,12.0,246.0,21.0,0.0,0.0,0.5,0.0,7.0,2
2.0,0.0,8.0,7.0,297.0,43.0,0.0,0.0,0.0,8.0,8.0,2
1.0,0.0,4.0,4.0,19.0,4.0,0.0,2.0,0.75,2.0,4.0,2
0.0,0.0,1.0,1.0,10.0,1.0,0.0,0.0,-1.0,3.0,1.0,2
2.0,0.0,6.0,5.0,107.0,23.0,0.0,1.0,0.8333333333333334,2.0,1.0,1
6.0,0.0,7.0,5.0,84.0,11.0,0.0,1.0,0.42857142857142855,0.0,2.0,1
3.0,0.0,4.0,4.0,35.0,6.0,0.0,1.0,0.0,2.0,3.0,1
1.0,0.0,22.0,21.0,91.0,24.0,0.0,0.0,0.0,1.0,1.0,2
3.0,0.0,7.0,7.0,82.0,18.0,0.0,2.0,0.0,8.0,1.0,2
0.0,0.0,2.0,2.0,13.0,2.0,1.0,0.0,-1.0,0.0,0.0,1
2.0,0.0,13.0,13.0,99.0,13.0,0.0,1.0,0.38461538461538464,0.0,3.0,1
1.0,0.0,1.0,1.0,27.0,3.0,0.0,0.0,0.0,0.0,2.0,2
8.0,1.0,15.0,13.0,108.0,24.0,2.0,0.0,0.13333333333333333,2.0,0.0,1
5.0,0.0,4.0,3.0,41.0,6.0,0.0,0.0,0.0,2.0,3.0,1
2.0,0.0,1.0,1.0,12.0,1.0,0.0,2.0,0.0,0.0,1.0,2
8.0,0.0,132.0,132.0,378.0,132.0,0.0,0.0,0.9393939393939394,1.0,10.0,1
12.0,0.0,13.0,2.0,290.0,50.0,3.0,0.0,0.15384615384615385,2.0,6.0,2
0.0,0.0,2.0,2.0,12.0,2.0,0.0,0.0,-1.0,1.0,0.0,2
5.0,0.0,2.0,2.0,33.0,3.0,0.0,0.0,0.0,0.0,2.0,1
1.0,0.0,4.0,4.0,18.0,4.0,0.0,2.0,0.75,2.0,3.0,2
0.0,0.0,1.0,1.0,5.0,1.0,0.0,0.0,-1.0,0.0,2.0,1
4.0,0.0,35.0,31.0,227.0,48.0,0.0,1.0,0.0,0.0,1.0,1
1.0,0.0,2.0,2.0,13.0,3.0,0.0,1.0,0.0,0.0,0.0,1
0.0,0.0,3.0,0.0,23.0,3.0,0.0,0.0,-1.0,5.0,0.0,2
1.0,0.0,1.0,1.0,20.0,1.0,0.0,0.0,0.0,0.0,1.0,1
0.0,0.0,1.0,1.0,6.0,1.0,36.0,0.0,-1.0,1.0,2.0,2
2.0,0.0,2.0,1.0,12.0,2.0,0.0,0.0,0.0,1.0,2.0,2
0.0,0.0,7.0,7.0,41.0,7.0,0.0,0.0,-1.0,1.0,0.0,2
7.0,0.0,195.0,194.0,736.0,203.0,0.0,0.0,0.31794871794871793,0.0,0.0,1
0.0,0.0,1.0,1.0,10.0,1.0,0.0,0.0,-1.0,2.0,1.0,2
0.0,0.0,5.0,5.0,45.0,5.0,0.0,0.0,-1.0,0.0,2.0,1
2.0,2.0,2.0,2.0,32.0,2.0,0.0,0.0,1.0,0.0,1.0,1
1.0,0.0,3.0,2.0,54.0,4.0,0.0,0.0,0.0,0.0,0.0,1
2.0,0.0,6.0,6.0,67.0,11.0,0.0,0.0,0.0,1.0,0.0,2
0.0,0.0,32.0,32.0,174.0,32.0,0.0,0.0,-1.0,32.0,3.0,2
9.0,0.0,16.0,16.0,126.0,32.0,0.0,0.0,0.0,2.0,7.0,2
3.0,0.0,6.0,6.0,45.0,10.0,6.0,0.0,0.5,7.0,3.0,1
4.0,0.0,6.0,5.0,37.0,7.0,0.0,0.0,0.8333333333333334,1.0,6.0,2
0.0,0.0,3.0,2.0,43.0,6.0,0.0,2.0,-1.0,0.0,9.0,1
1.0,0.0,6.0,6.0,27.0,7.0,0.0,0.0,0.0,0.0,0.0,1
0.0,0.0,1.0,1.0,17.0,6.0,0.0,1.0,-1.0,0.0,0.0,1
3.0,0.0,8.0,6.0,81.0,12.0,0.0,1.0,0.25,0.0,5.0,1
3.0,0.0,4.0,4.0,72.0,4.0,0.0,0.0,0.0,13.0,1.0,2
137.0,0.0,379.0,357.0,4066.0,741.0,1.0,1.0,0.24802110817941952,29.0,57.0,2
1.0,0.0,2.0,2.0,26.0,3.0,0.0,1.0,0.0,0.0,0.0,1
0.0,0.0,1.0,1.0,6.0,1.0,0.0,0.0,-1.0,0.0,1.0,1
9.0,4.0,10.0,10.0,208.0,31.0,0.0,0.0,0.3,1.0,1.0,1
0.0,0.0,3.0,3.0,8.0,3.0,0.0,1.0,-1.0,0.0,2.0,1
0.0,0.0,1.0,1.0,11.0,1.0,0.0,0.0,-1.0,1.0,0.0,2
24.0,0.0,139.0,129.0,758.0,168.0,2.0,0.0,0.1510791366906475,1.0,11.0,2
1.0,0.0,6.0,5.0,51.0,7.0,1.0,1.0,0.0,1.0,2.0,1
1.0,0.0,3.0,0.0,15.0,3.0,0.0,1.0,1.0,3.0,0.0,2
3.0,0.0,2.0,2.0,21.0,5.0,0.0,0.0,0.0,1.0,0.0,2
3.0,0.0,14.0,13.0,88.0,16.0,0.0,0.0,0.0,0.0,2.0,1
4.0,0.0,8.0,3.0,142.0,20.0,1.0,1.0,0.0,3.0,4.0,2
1.0,0.0,3.0,3.0,19.0,3.0,0.0,1.0,0.0,0.0,1.0,1
0.0,0.0,1.0,1.0,13.0,3.0,0.0,0.0,-1.0,0.0,3.0,2
1.0,0.0,3.0,3.0,12.0,3.0,0.0,0.0,0.0,0.0,0.0,1
1.0,0.0,2.0,2.0,18.0,2.0,0.0,0.0,0.0,0.0,1.0,1
1.0,0.0,2.0,1.0,22.0,2.0,0.0,1.0,0.0,1.0,1.0,2
8.0,0.0,15.0,8.0,197.0,36.0,0.0,1.0,0.13333333333333333,1.0,6.0,2
2.0,0.0,3.0,3.0,14.0,3.0,0.0,0.0,0.0,1.0,1.0,2
0.0,0.0,24.0,0.0,119.0,24.0,0.0,0.0,-1.0,21.0,1.0,2
11.0,0.0,7.0,1.0,226.0,44.0,0.0,0.0,0.0,2.0,1.0,2
4.0,0.0,9.0,9.0,113.0,26.0,0.0,2.0,0.0,5.0,1.0,2
1.0,0.0,4.0,4.0,15.0,4.0,0.0,1.0,0.0,0.0,1.0,1
0.0,0.0,2.0,2.0,13.0,2.0,0.0,3.0,-1.0,1.0,1.0,2
0.0,0.0,3.0,3.0,17.0,4.0,0.0,2.0,-1.0,1.0,3.0,2
0.0,0.0,2.0,2.0,18.0,3.0,0.0,3.0,-1.0,1.0,1.0,2
6.0,0.0,8.0,7.0,75.0,17.0,0.0,0.0,0.625,3.0,10.0,2
0.0,0.0,3.0,3.0,14.0,3.0,0.0,2.0,-1.0,2.0,3.0,2
25.0,0.0,34.0,7.0,898.0,137.0,0.0,0.0,0.23529411764705882,1.0,17.0,2
3.0,0.0,4.0,4.0,35.0,6.0,0.0,1.0,0.0,2.0,2.0,2
1.0,0.0,5.0,5.0,44.0,9.0,0.0,0.0,0.0,1.0,1.0,2
0.0,0.0,2.0,2.0,31.0,4.0,0.0,0.0,-1.0,0.0,0.0,2
0.0,0.0,14.0,14.0,76.0,14.0,0.0,0.0,-1.0,2.0,0.0,2
2.0,0.0,2.0,1.0,12.0,2.0,0.0,0.0,0.0,1.0,2.0,2
2.0,0.0,7.0,7.0,42.0,7.0,0.0,1.0,0.0,0.0,1.0,1
0.0,0.0,1.0,1.0,4.0,1.0,0.0,1.0,-1.0,0.0,0.0,1
19.0,19.0,0.0,0.0,43.0,0.0,0.0,0.0,-1.0,17.0,0.0,2
6.0,0.0,8.0,7.0,90.0,8.0,0.0,0.0,0.25,3.0,3.0,1
1.0,0.0,3.0,3.0,21.0,4.0,0.0,0.0,0.0,9.0,0.0,2
6.0,4.0,6.0,4.0,105.0,16.0,0.0,0.0,0.6666666666666666,2.0,1.0,1
1.0,0.0,3.0,3.0,35.0,3.0,0.0,0.0,0.6666666666666666,0.0,2.0,1
5.0,0.0,11.0,2.0,162.0,36.0,0.0,1.0,0.0,0.0,4.0,1
14.0,0.0,27.0,22.0,236.0,55.0,0.0,0.0,0.14814814814814814,2.0,8.0,2
1.0,0.0,2.0,2.0,20.0,5.0,0.0,1.0,0.0,0.0,1.0,1
6.0,0.0,17.0,17.0,109.0,20.0,0.0,0.0,0.23529411764705882,4.0,4.0,2
11.0,0.0,1.0,0.0,27.0,1.0,0.0,0.0,0.0,4.0,1.0,2
0.0,0.0,1.0,1.0,9.0,1.0,2.0,0.0,-1.0,2.0,0.0,2
0.0,0.0,5.0,5.0,29.0,5.0,0.0,0.0,-1.0,17.0,0.0,2
0.0,0.0,2.0,2.0,13.0,2.0,0.0,3.0,-1.0,1.0,2.0,2
0.0,0.0,11.0,11.0,64.0,11.0,0.0,0.0,-1.0,3.0,2.0,2
2.0,2.0,0.0,0.0,11.0,0.0,0.0,0.0,-1.0,0.0,0.0,1
17.0,0.0,25.0,21.0,389.0,59.0,0.0,0.0,0.12,5.0,10.0,2
6.0,0.0,10.0,8.0,74.0,14.0,0.0,0.0,0.3,0.0,2.0,1
0.0,0.0,2.0,1.0,43.0,4.0,0.0,1.0,-1.0,0.0,2.0,2
0.0,0.0,1.0,1.0,18.0,3.0,0.0,0.0,-1.0,0.0,2.0,1
3.0,0.0,8.0,6.0,125.0,20.0,0.0,0.0,0.375,0.0,4.0,1
3.0,0.0,7.0,7.0,90.0,20.0,0.0,2.0,0.0,7.0,1.0,2
2.0,0.0,10.0,10.0,107.0,13.0,0.0,1.0,0.0,0.0,2.0,1
6.0,0.0,2.0,1.0,20.0,2.0,0.0,0.0,0.0,1.0,2.0,1
1.0,0.0,5.0,5.0,21.0,5.0,0.0,2.0,0.8,2.0,4.0,2
1.0,0.0,2.0,2.0,9.0,2.0,0.0,1.0,0.0,1.0,0.0,1
16.0,0.0,15.0,11.0,135.0,25.0,0.0,0.0,0.3333333333333333,3.0,11.0,2
0.0,0.0,4.0,0.0,6.0,4.0,0.0,0.0,-1.0,1.0,0.0,2
4.0,4.0,6.0,0.0,54.0,6.0,2.0,1.0,-1.0,10.0,2.0,1
10.0,0.0,24.0,24.0,389.0,45.0,0.0,0.0,0.08333333333333333,7.0,11.0,2
1.0,0.0,2.0,2.0,12.0,2.0,0.0,0.0,0.0,0.0,2.0,1
15.0,0.0,29.0,23.0,418.0,54.0,1.0,2.0,0.06896551724137931,2.0,3.0,2
1.0,0.0,3.0,3.0,31.0,3.0,0.0,1.0,1.0,0.0,0.0,1
4.0,0.0,4.0,4.0,49.0,8.0,1.0,0.0,0.0,2.0,2.0,2
2.0,2.0,1.0,1.0,11.0,1.0,0.0,0.0,0.0,1.0,0.0,1
3.0,0.0,6.0,5.0,55.0,6.0,0.0,0.0,0.6666666666666666,5.0,0.0,2
0.0,0.0,3.0,0.0,11.0,3.0,0.0,0.0,-1.0,0.0,2.0,1
1.0,0.0,2.0,2.0,24.0,4.0,0.0,0.0,1.0,1.0,1.0,2
0.0,0.0,1.0,1.0,4.0,1.0,0.0,0.0,-1.0,0.0,0.0,2
5.0,5.0,0.0,0.0,11.0,0.0,0.0,0.0,-1.0,6.0,0.0,2
0.0,0.0,1.0,1.0,6.0,1.0,0.0,0.0,-1.0,0.0,1.0,1
0.0,0.0,1.0,1.0,5.0,1.0,0.0,0.0,-1.0,1.0,0.0,2
0.0,0.0,10.0,10.0,35.0,10.0,0.0,0.0,-1.0,0.0,0.0,1
3.0,0.0,3.0,2.0,23.0,3.0,1.0,0.0,0.0,0.0,2.0,1
19.0,0.0,39.0,30.0,544.0,100.0,0.0,1.0,0.1282051282051282,0.0,14.0,2
6.0,3.0,7.0,4.0,89.0,13.0,0.0,0.0,0.2857142857142857,1.0,4.0,1
10.0,0.0,30.0,26.0,509.0,61.0,0.0,0.0,0.06666666666666667,1.0,2.0,1
6.0,3.0,5.0,4.0,50.0,5.0,0.0,0.0,1.0,0.0,4.0,1
7.0,0.0,6.0,3.0,232.0,38.0,0.0,0.0,0.0,1.0,9.0,2
3.0,0.0,4.0,4.0,70.0,8.0,0.0,0.0,0.0,1.0,1.0,2
0.0,0.0,3.0,3.0,14.0,3.0,0.0,0.0,-1.0,9.0,3.0,2
0.0,0.0,4.0,4.0,53.0,13.0,0.0,0.0,-1.0,0.0,1.0,1
1.0,0.0,2.0,1.0,10.0,2.0,0.0,0.0,0.0,0.0,0.0,1
2.0,0.0,3.0,3.0,38.0,4.0,0.0,0.0,0.0,0.0,3.0,2
7.0,0.0,6.0,5.0,74.0,12.0,0.0,0.0,0.0,0.0,1.0,1
0.0,0.0,1.0,1.0,12.0,1.0,1.0,0.0,-1.0,2.0,0.0,2
2.0,0.0,13.0,8.0,84.0,18.0,0.0,0.0,0.15384615384615385,5.0,3.0,2
5.0,0.0,5.0,4.0,70.0,13.0,0.0,1.0,0.4,0.0,9.0,1
3.0,0.0,2.0,2.0,22.0,2.0,0.0,0.0,0.0,0.0,3.0,2
0.0,0.0,2.0,2.0,29.0,2.0,0.0,1.0,-1.0,0.0,0.0,1
1.0,0.0,3.0,3.0,12.0,3.0,0.0,0.0,0.0,0.0,0.0,1
1.0,0.0,1.0,0.0,8.0,1.0,0.0,0.0,0.0,0.0,3.0,2
7.0,1.0,11.0,9.0,78.0,19.0,0.0,0.0,0.45454545454545453,1.0,4.0,1
4.0,0.0,7.0,7.0,94.0,9.0,0.0,1.0,0.0,2.0,1.0,1
1.0,0.0,5.0,5.0,43.0,5.0,2.0,0.0,1.0,0.0,0.0,1
1.0,0.0,7.0,4.0,48.0,14.0,0.0,0.0,0.0,1.0,1.0,2
7.0,0.0,10.0,9.0,135.0,13.0,0.0,0.0,0.2,1.0,5.0,1
6.0,1.0,12.0,12.0,45.0,12.0,0.0,0.0,0.4166666666666667,1.0,3.0,2
6.0,0.0,12.0,11.0,245.0,37.0,0.0,1.0,0.16666666666666666,0.0,1.0,2
7.0,7.0,0.0,0.0,13.0,0.0,0.0,0.0,-1.0,8.0,0.0,2
3.0,0.0,11.0,11.0,63.0,18.0,0.0,0.0,0.7272727272727273,2.0,2.0,2
9.0,3.0,4.0,4.0,65.0,11.0,0.0,1.0,0.0,1.0,4.0,1
3.0,0.0,4.0,4.0,67.0,4.0,0.0,0.0,0.0,14.0,1.0,2
13.0,1.0,6.0,3.0,118.0,21.0,0.0,0.0,0.0,3.0,2.0,1
1.0,0.0,7.0,7.0,84.0,12.0,0.0,1.0,0.42857142857142855,1.0,1.0,2
0.0,0.0,1.0,1.0,11.0,1.0,0.0,0.0,-1.0,3.0,1.0,2
4.0,1.0,38.0,37.0,807.0,165.0,0.0,0.0,0.3684210526315789,30.0,4.0,1
0.0,0.0,1.0,1.0,11.0,1.0,0.0,0.0,-1.0,3.0,1.0,1
0.0,0.0,2.0,2.0,14.0,3.0,0.0,0.0,-1.0,0.0,1.0,1
0.0,0.0,4.0,0.0,16.0,4.0,3.0,0.0,-1.0,0.0,4.0,1
0.0,0.0,1.0,1.0,41.0,5.0,0.0,1.0,-1.0,0.0,1.0,2
4.0,0.0,1.0,0.0,15.0,5.0,0.0,0.0,0.0,1.0,2.0,2
0.0,0.0,5.0,5.0,38.0,10.0,0.0,0.0,-1.0,0.0,3.0,1
2.0,1.0,3.0,2.0,23.0,4.0,0.0,1.0,1.0,1.0,1.0,1
13.0,0.0,38.0,37.0,172.0,44.0,0.0,0.0,0.10526315789473684,10.0,3.0,2
11.0,0.0,36.0,8.0,1165.0,194.0,1.0,0.0,0.08333333333333333,1.0,24.0,2
1.0,0.0,4.0,4.0,35.0,4.0,0.0,0.0,1.0,1.0,0.0,2
1.0,0.0,3.0,3.0,12.0,3.0,0.0,0.0,0.0,0.0,0.0,1
1.0,0.0,4.0,4.0,9.0,4.0,2.0,0.0,1.0,0.0,0.0,1
0.0,0.0,5.0,5.0,20.0,5.0,0.0,2.0,-1.0,1.0,1.0,2
4.0,0.0,10.0,9.0,94.0,14.0,0.0,0.0,0.0,0.0,3.0,1
3.0,0.0,4.0,4.0,41.0,4.0,0.0,0.0,0.0,8.0,1.0,1
9.0,0.0,19.0,19.0,106.0,21.0,0.0,0.0,0.47368421052631576,1.0,2.0,2
0.0,0.0,1.0,0.0,14.0,1.0,0.0,0.0,-1.0,3.0,0.0,2
3.0,0.0,3.0,3.0,31.0,6.0,0.0,0.0,0.0,0.0,0.0,2
0.0,0.0,4.0,4.0,11.0,4.0,0.0,0.0,-1.0,0.0,4.0,2
20.0,19.0,0.0,0.0,80.0,0.0,0.0,0.0,-1.0,30.0,0.0,2
0.0,0.0,3.0,1.0,13.0,3.0,0.0,0.0,-1.0,0.0,0.0,1
3.0,0.0,29.0,28.0,103.0,29.0,0.0,0.0,0.0,2.0,1.0,1
4.0,4.0,2.0,2.0,72.0,3.0,0.0,0.0,1.0,0.0,1.0,1
1.0,0.0,4.0,4.0,42.0,4.0,0.0,0.0,1.0,0.0,0.0,1
8.0,0.0,20.0,0.0,219.0,65.0,0.0,0.0,0.0,2.0,3.0,2
0.0,0.0,1.0,1.0,5.0,1.0,0.0,1.0,-1.0,1.0,2.0,2
5.0,0.0,7.0,6.0,185.0,34.0,0.0,0.0,1.0,3.0,4.0,2
8.0,0.0,87.0,86.0,644.0,94.0,0.0,0.0,0.25287356321839083,0.0,10.0,1
10.0,0.0,10.0,2.0,154.0,21.0,0.0,0.0,0.0,2.0,5.0,2
21.0,0.0,68.0,46.0,866.0,92.0,0.0,0.0,0.7205882352941176,0.0,18.0,1
3.0,0.0,4.0,4.0,35.0,6.0,0.0,1.0,0.0,2.0,3.0,1
6.0,0.0,12.0,9.0,441.0,78.0,0.0,0.0,0.3333333333333333,0.0,2.0,1
0.0,0.0,1.0,0.0,5.0,1.0,0.0,1.0,-1.0,0.0,0.0,1
1.0,0.0,1.0,0.0,7.0,1.0,0.0,0.0,0.0,0.0,2.0,2
3.0,0.0,3.0,3.0,29.0,4.0,0.0,0.0,0.0,1.0,1.0,2
2.0,0.0,5.0,5.0,76.0,10.0,0.0,1.0,0.4,0.0,0.0,2
3.0,0.0,3.0,3.0,24.0,5.0,0.0,0.0,0.6666666666666666,0.0,2.0,1
0.0,0.0,2.0,2.0,19.0,2.0,1.0,0.0,-1.0,1.0,0.0,2
1.0,0.0,4.0,4.0,18.0,4.0,0.0,0.0,1.0,0.0,0.0,1
0.0,0.0,2.0,2.0,18.0,2.0,0.0,0.0,-1.0,8.0,2.0,1
0.0,0.0,39.0,37.0,352.0,43.0,0.0,0.0,-1.0,0.0,3.0,1
0.0,0.0,1.0,1.0,5.0,1.0,0.0,0.0,-1.0,0.0,1.0,1
1.0,0.0,4.0,4.0,37.0,4.0,0.0,1.0,1.0,7.0,1.0,1
6.0,5.0,2.0,1.0,14.0,2.0,0.0,0.0,0.0,3.0,1.0,1
4.0,0.0,8.0,8.0,84.0,8.0,0.0,0.0,0.0,20.0,3.0,1
0.0,0.0,1.0,1.0,9.0,1.0,0.0,1.0,-1.0,0.0,0.0,1
1.0,0.0,3.0,3.0,12.0,3.0,0.0,0.0,0.0,0.0,0.0,1
4.0,1.0,10.0,10.0,77.0,13.0,0.0,0.0,0.4,0.0,13.0,1
1.0,0.0,1.0,1.0,10.0,1.0,2.0,0.0,0.0,0.0,0.0,1
9.0,0.0,14.0,5.0,176.0,33.0,0.0,0.0,0.0,3.0,3.0,2
0.0,0.0,0.0,0.0,2.0,0.0,0.0,0.0,-1.0,0.0,0.0,1
1.0,0.0,2.0,2.0,23.0,2.0,0.0,1.0,0.0,0.0,0.0,1
0.0,0.0,8.0,1.0,28.0,10.0,0.0,1.0,-1.0,1.0,0.0,2
10.0,0.0,19.0,17.0,170.0,30.0,0.0,0.0,0.0,9.0,5.0,2
1.0,0.0,2.0,2.0,30.0,6.0,0.0,1.0,0.0,0.0,3.0,2
2.0,0.0,3.0,2.0,43.0,4.0,2.0,1.0,0.0,0.0,2.0,1
0.0,0.0,1.0,1.0,25.0,5.0,0.0,0.0,-1.0,0.0,0.0,2
3.0,2.0,4.0,3.0,27.0,5.0,0.0,0.0,0.75,0.0,1.0,2
2.0,0.0,4.0,4.0,32.0,4.0,0.0,0.0,0.5,1.0,1.0,2
27.0,0.0,23.0,18.0,426.0,96.0,0.0,0.0,0.13043478260869565,4.0,9.0,1
3.0,0.0,4.0,3.0,26.0,5.0,0.0,0.0,0.75,0.0,0.0,2
4.0,0.0,3.0,3.0,48.0,5.0,0.0,1.0,0.0,0.0,0.0,1
0.0,0.0,2.0,2.0,8.0,2.0,0.0,0.0,-1.0,0.0,2.0,1
3.0,0.0,1.0,0.0,9.0,1.0,0.0,0.0,0.0,3.0,0.0,2
2.0,0.0,2.0,2.0,10.0,2.0,0.0,0.0,0.0,0.0,0.0,1
1.0,0.0,3.0,2.0,25.0,4.0,0.0,0.0,0.0,0.0,3.0,1
1.0,0.0,1.0,1.0,42.0,2.0,0.0,0.0,0.0,0.0,2.0,1
5.0,5.0,0.0,0.0,7.0,0.0,0.0,0.0,-1.0,3.0,0.0,1
8.0,0.0,15.0,13.0,206.0,33.0,12.0,1.0,0.13333333333333333,0.0,0.0,2
0.0,0.0,3.0,3.0,14.0,3.0,0.0,0.0,-1.0,8.0,1.0,2
20.0,5.0,12.0,6.0,196.0,30.0,0.0,0.0,0.3333333333333333,0.0,10.0,1
0.0,0.0,1.0,1.0,27.0,1.0,0.0,0.0,-1.0,0.0,4.0,1
5.0,0.0,13.0,13.0,92.0,18.0,0.0,2.0,0.15384615384615385,4.0,0.0,1
0.0,0.0,1.0,0.0,6.0,1.0,0.0,0.0,-1.0,0.0,0.0,1
0.0,0.0,1.0,1.0,7.0,1.0,0.0,0.0,-1.0,0.0,0.0,1
0.0,0.0,1.0,1.0,5.0,1.0,0.0,0.0,-1.0,0.0,0.0,2
1.0,1.0,0.0,0.0,3.0,0.0,0.0,0.0,-1.0,4.0,0.0,1
8.0,0.0,9.0,5.0,128.0,21.0,0.0,0.0,0.0,4.0,4.0,2
15.0,0.0,62.0,56.0,417.0,110.0,0.0,0.0,0.06451612903225806,0.0,14.0,2
0.0,0.0,2.0,2.0,16.0,2.0,0.0,0.0,-1.0,0.0,0.0,1
1.0,0.0,1.0,1.0,16.0,2.0,0.0,0.0,0.0,1.0,6.0,1
2.0,0.0,10.0,6.0,188.0,38.0,0.0,1.0,0.8,3.0,10.0,2
27.0,19.0,67.0,40.0,1301.0,250.0,0.0,0.0,0.05970149253731343,6.0,13.0,1
1.0,0.0,7.0,4.0,48.0,14.0,0.0,0.0,0.0,1.0,1.0,2
62.0,0.0,0.0,0.0,253.0,0.0,2.0,0.0,-1.0,0.0,0.0,2
0.0,0.0,8.0,8.0,33.0,9.0,0.0,0.0,-1.0,1.0,0.0,2
2.0,0.0,6.0,6.0,26.0,6.0,0.0,0.0,0.3333333333333333,5.0,1.0,2
2.0,0.0,3.0,3.0,14.0,3.0,0.0,0.0,0.0,1.0,1.0,2
0.0,0.0,3.0,3.0,15.0,3.0,0.0,0.0,-1.0,0.0,1.0,1
4.0,0.0,4.0,4.0,49.0,8.0,1.0,0.0,0.0,2.0,2.0,2
1.0,0.0,4.0,4.0,18.0,4.0,3.0,0.0,1.0,2.0,0.0,2
3.0,0.0,8.0,3.0,142.0,25.0,0.0,1.0,0.25,1.0,8.0,1
30.0,13.0,34.0,34.0,760.0,144.0,1.0,0.0,0.17647058823529413,10.0,1.0,1
1.0,1.0,6.0,5.0,110.0,15.0,0.0,0.0,0.5,5.0,2.0,1
13.0,4.0,10.0,4.0,134.0,17.0,0.0,0.0,0.8,0.0,14.0,1
3.0,0.0,18.0,14.0,499.0,111.0,0.0,0.0,0.2777777777777778,12.0,4.0,2
3.0,0.0,11.0,5.0,149.0,21.0,0.0,0.0,0.45454545454545453,1.0,3.0,1
3.0,0.0,4.0,4.0,19.0,4.0,0.0,0.0,0.0,1.0,0.0,2
2.0,0.0,13.0,13.0,68.0,20.0,0.0,0.0,0.8461538461538461,2.0,1.0,2
3.0,0.0,5.0,5.0,35.0,9.0,0.0,0.0,0.4,1.0,2.0,2
4.0,1.0,4.0,2.0,79.0,10.0,0.0,1.0,0.5,1.0,2.0,1
4.0,2.0,5.0,4.0,20.0,5.0,0.0,0.0,0.6,1.0,0.0,1
0.0,0.0,3.0,3.0,49.0,14.0,0.0,2.0,-1.0,1.0,1.0,2
0.0,0.0,2.0,2.0,22.0,3.0,0.0,0.0,-1.0,0.0,0.0,1
1.0,0.0,2.0,2.0,23.0,2.0,0.0,0.0,1.0,0.0,0.0,2
1.0,0.0,3.0,3.0,12.0,3.0,0.0,0.0,0.0,0.0,0.0,1
0.0,0.0,2.0,2.0,20.0,3.0,0.0,1.0,-1.0,0.0,1.0,1
3.0,0.0,4.0,4.0,19.0,4.0,0.0,0.0,0.0,1.0,0.0,2
6.0,0.0,16.0,11.0,156.0,21.0,0.0,1.0,0.1875,2.0,9.0,1
8.0,0.0,15.0,15.0,68.0,15.0,0.0,0.0,0.26666666666666666,2.0,1.0,2
1.0,0.0,2.0,0.0,34.0,5.0,0.0,0.0,0.0,0.0,2.0,1
2.0,0.0,10.0,10.0,40.0,11.0,0.0,0.0,0.0,0.0,2.0,2
0.0,0.0,1.0,1.0,16.0,2.0,0.0,0.0,-1.0,1.0,1.0,2
1.0,0.0,3.0,1.0,13.0,3.0,0.0,1.0,0.0,0.0,0.0,2
0.0,0.0,1.0,1.0,3.0,1.0,1.0,0.0,-1.0,4.0,0.0,2
0.0,0.0,2.0,2.0,13.0,2.0,0.0,3.0,-1.0,1.0,2.0,2
41.0,41.0,23.0,23.0,329.0,23.0,1.0,0.0,-1.0,441.0,1.0,1
3.0,0.0,6.0,5.0,55.0,6.0,0.0,0.0,0.6666666666666666,7.0,0.0,2
0.0,0.0,7.0,7.0,31.0,7.0,0.0,0.0,-1.0,0.0,1.0,1
2.0,0.0,11.0,10.0,108.0,13.0,0.0,1.0,0.0,0.0,2.0,1
2.0,2.0,1.0,1.0,13.0,1.0,0.0,0.0,0.0,1.0,3.0,2
3.0,0.0,21.0,21.0,168.0,27.0,0.0,1.0,0.0,0.0,1.0,1
0.0,0.0,8.0,1.0,27.0,9.0,0.0,1.0,-1.0,1.0,0.0,2
4.0,0.0,3.0,3.0,19.0,4.0,0.0,0.0,0.6666666666666666,0.0,1.0,1
3.0,0.0,6.0,5.0,55.0,6.0,0.0,0.0,0.6666666666666666,7.0,0.0,2
32.0,7.0,53.0,7.0,1655.0,274.0,1.0,0.0,0.05660377358490566,3.0,25.0,2
17.0,0.0,33.0,14.0,810.0,113.0,0.0,1.0,0.36363636363636365,0.0,16.0,2
3.0,0.0,5.0,5.0,74.0,12.0,0.0,0.0,0.0,0.0,3.0,1
1.0,0.0,4.0,4.0,70.0,12.0,0.0,0.0,0.5,1.0,0.0,2
0.0,0.0,2.0,1.0,24.0,2.0,0.0,2.0,-1.0,0.0,3.0,1
1.0,0.0,3.0,1.0,26.0,4.0,0.0,1.0,0.6666666666666666,7.0,1.0,2
0.0,0.0,1.0,1.0,19.0,3.0,7.0,0.0,-1.0,0.0,1.0,1
2.0,0.0,5.0,3.0,46.0,7.0,0.0,0.0,0.6,0.0,7.0,1
17.0,10.0,15.0,15.0,233.0,15.0,0.0,0.0,0.13333333333333333,5.0,5.0,1
1.0,0.0,1.0,0.0,6.0,1.0,0.0,0.0,0.0,0.0,2.0,1
0.0,0.0,3.0,3.0,14.0,3.0,0.0,2.0,-1.0,2.0,3.0,2
3.0,0.0,9.0,8.0,37.0,10.0,0.0,0.0,0.0,1.0,4.0,2
2.0,0.0,4.0,4.0,20.0,4.0,0.0,0.0,0.5,2.0,0.0,2
1.0,0.0,5.0,5.0,44.0,9.0,0.0,0.0,0.0,1.0,1.0,2
0.0,0.0,1.0,1.0,4.0,1.0,0.0,0.0,-1.0,0.0,0.0,1
1.0,0.0,2.0,2.0,10.0,2.0,0.0,0.0,1.0,1.0,2.0,2
15.0,13.0,5.0,2.0,59.0,19.0,5.0,0.0,0.4,4.0,2.0,2
0.0,0.0,1.0,0.0,5.0,1.0,0.0,1.0,-1.0,0.0,0.0,1
9.0,0.0,35.0,29.0,486.0,106.0,0.0,0.0,0.3142857142857143,0.0,18.0,1
2.0,0.0,5.0,0.0,44.0,11.0,0.0,0.0,0.4,0.0,2.0,1
0.0,0.0,1.0,0.0,12.0,2.0,0.0,0.0,-1.0,0.0,0.0,1
1.0,0.0,1.0,1.0,16.0,2.0,0.0,0.0,0.0,1.0,5.0,2
2.0,0.0,4.0,3.0,88.0,14.0,0.0,1.0,0.0,0.0,1.0,2
1.0,0.0,2.0,2.0,40.0,8.0,0.0,0.0,0.0,0.0,3.0,2
14.0,0.0,57.0,2.0,1256.0,303.0,0.0,1.0,0.0,1.0,16.0,2
0.0,0.0,4.0,4.0,26.0,4.0,0.0,0.0,-1.0,2.0,2.0,2
2.0,0.0,4.0,4.0,19.0,5.0,0.0,0.0,0.5,1.0,2.0,2
9.0,0.0,20.0,19.0,133.0,28.0,0.0,1.0,0.3,2.0,7.0,1
4.0,0.0,7.0,7.0,65.0,11.0,0.0,2.0,0.0,2.0,0.0,1
10.0,0.0,5.0,5.0,89.0,8.0,0.0,0.0,0.0,1.0,2.0,2
6.0,6.0,1.0,1.0,60.0,10.0,0.0,0.0,0.0,0.0,0.0,2
0.0,0.0,1.0,1.0,5.0,1.0,0.0,0.0,-1.0,0.0,0.0,1
4.0,0.0,1.0,1.0,193.0,38.0,0.0,0.0,0.0,0.0,3.0,1
4.0,0.0,10.0,10.0,36.0,10.0,1.0,0.0,0.6,3.0,1.0,2
1.0,0.0,1.0,1.0,5.0,1.0,0.0,0.0,0.0,0.0,0.0,1
1.0,0.0,1.0,0.0,6.0,1.0,0.0,0.0,0.0,0.0,2.0,1
1.0,0.0,3.0,3.0,12.0,3.0,0.0,0.0,0.0,0.0,0.0,1
6.0,6.0,9.0,9.0,88.0,9.0,0.0,0.0,1.0,2.0,0.0,2
9.0,0.0,20.0,19.0,240.0,44.0,0.0,0.0,0.15,6.0,3.0,1
5.0,0.0,3.0,1.0,58.0,6.0,0.0,1.0,0.6666666666666666,0.0,4.0,1
0.0,0.0,1.0,1.0,12.0,1.0,3.0,0.0,-1.0,0.0,0.0,2
0.0,0.0,2.0,2.0,8.0,2.0,0.0,0.0,-1.0,1.0,0.0,2
8.0,0.0,4.0,4.0,84.0,7.0,0.0,0.0,0.0,1.0,2.0,2
3.0,0.0,5.0,5.0,52.0,8.0,0.0,2.0,0.0,10.0,0.0,1
9.0,5.0,89.0,77.0,403.0,95.0,0.0,1.0,0.14606741573033707,1.0,3.0,1
3.0,0.0,3.0,2.0,39.0,3.0,2.0,1.0,0.0,0.0,0.0,1
2.0,0.0,2.0,1.0,16.0,3.0,0.0,0.0,0.0,0.0,3.0,1
12.0,0.0,13.0,9.0,244.0,33.0,0.0,0.0,0.15384615384615385,1.0,9.0,1
11.0,9.0,4.0,4.0,72.0,4.0,0.0,0.0,0.0,0.0,0.0,1
0.0,0.0,1.0,1.0,3.0,1.0,0.0,0.0,-1.0,3.0,0.0,2
0.0,0.0,1.0,1.0,10.0,2.0,0.0,0.0,-1.0,0.0,3.0,1
4.0,0.0,7.0,7.0,69.0,12.0,0.0,2.0,0.0,3.0,0.0,1
8.0,0.0,3.0,2.0,66.0,12.0,0.0,0.0,0.0,1.0,2.0,2
11.0,0.0,5.0,4.0,83.0,16.0,0.0,0.0,0.0,1.0,2.0,2
0.0,0.0,2.0,2.0,16.0,2.0,0.0,0.0,-1.0,1.0,1.0,2
6.0,0.0,10.0,8.0,74.0,14.0,0.0,0.0,0.3,0.0,2.0,1
1.0,0.0,4.0,4.0,35.0,4.0,0.0,0.0,1.0,1.0,0.0,2
3.0,0.0,10.0,4.0,70.0,10.0,0.0,1.0,0.6,2.0,8.0,1
38.0,0.0,23.0,3.0,233.0,39.0,0.0,0.0,0.08695652173913043,0.0,16.0,1
4.0,4.0,37.0,37.0,196.0,37.0,0.0,0.0,-1.0,39.0,2.0,2
0.0,0.0,2.0,2.0,19.0,2.0,1.0,0.0,-1.0,1.0,1.0,2
1.0,0.0,5.0,5.0,28.0,8.0,1.0,0.0,0.4,4.0,0.0,2
3.0,0.0,5.0,5.0,54.0,5.0,0.0,1.0,0.6,1.0,0.0,1
1.0,0.0,2.0,2.0,12.0,2.0,0.0,0.0,0.0,14.0,1.0,2
7.0,0.0,13.0,8.0,180.0,39.0,0.0,0.0,0.0,0.0,4.0,1
7.0,0.0,30.0,29.0,515.0,32.0,0.0,0.0,0.5333333333333333,0.0,5.0,2
0.0,0.0,6.0,6.0,35.0,6.0,0.0,0.0,-1.0,11.0,2.0,2
2.0,0.0,5.0,4.0,40.0,9.0,0.0,0.0,0.4,1.0,2.0,2
1.0,1.0,0.0,0.0,9.0,0.0,0.0,0.0,-1.0,3.0,0.0,1
4.0,0.0,2.0,2.0,17.0,3.0,0.0,0.0,0.0,0.0,1.0,1
0.0,0.0,1.0,1.0,5.0,1.0,0.0,0.0,-1.0,0.0,0.0,1
7.0,0.0,4.0,3.0,87.0,15.0,0.0,0.0,0.5,1.0,7.0,2
6.0,0.0,3.0,3.0,43.0,9.0,0.0,0.0,0.0,1.0,1.0,2
25.0,0.0,48.0,46.0,440.0,81.0,0.0,0.0,0.0625,15.0,13.0,2
5.0,0.0,3.0,1.0,42.0,8.0,0.0,1.0,0.0,0.0,4.0,1
0.0,0.0,3.0,1.0,14.0,3.0,0.0,1.0,-1.0,0.0,0.0,1
1.0,0.0,5.0,5.0,41.0,10.0,0.0,2.0,0.8,1.0,1.0,2
0.0,0.0,1.0,1.0,38.0,9.0,0.0,0.0,-1.0,0.0,1.0,1
8.0,0.0,14.0,8.0,802.0,143.0,0.0,1.0,0.0,2.0,17.0,1
0.0,0.0,0.0,0.0,5.0,0.0,0.0,0.0,-1.0,1.0,0.0,1
2.0,0.0,6.0,6.0,32.0,7.0,0.0,1.0,0.0,0.0,2.0,1
1.0,0.0,2.0,1.0,18.0,3.0,0.0,0.0,0.0,0.0,1.0,1
0.0,0.0,1.0,1.0,34.0,5.0,0.0,0.0,-1.0,0.0,1.0,1
0.0,0.0,5.0,0.0,7.0,5.0,0.0,0.0,-1.0,15.0,0.0,2
1.0,0.0,7.0,7.0,84.0,10.0,0.0,0.0,1.0,3.0,0.0,2
2.0,0.0,2.0,2.0,19.0,3.0,0.0,0.0,0.0,0.0,1.0,2
0.0,0.0,1.0,1.0,11.0,1.0,0.0,1.0,-1.0,0.0,0.0,1
0.0,0.0,1.0,0.0,5.0,1.0,0.0,3.0,-1.0,0.0,0.0,1
2.0,0.0,3.0,2.0,39.0,4.0,0.0,2.0,0.0,0.0,2.0,1
0.0,0.0,8.0,8.0,27.0,8.0,2.0,0.0,-1.0,5.0,0.0,2
19.0,0.0,22.0,4.0,306.0,62.0,0.0,0.0,0.13636363636363635,3.0,8.0,2
0.0,0.0,1.0,1.0,8.0,1.0,0.0,1.0,-1.0,0.0,2.0,2
8.0,0.0,59.0,57.0,400.0,79.0,0.0,0.0,0.15254237288135594,2.0,4.0,1
2.0,0.0,2.0,2.0,16.0,3.0,0.0,0.0,0.0,0.0,0.0,1
16.0,0.0,34.0,21.0,307.0,44.0,0.0,0.0,0.47058823529411764,0.0,16.0,1
0.0,0.0,6.0,6.0,25.0,8.0,0.0,0.0,-1.0,0.0,0.0,1
6.0,6.0,0.0,0.0,13.0,0.0,0.0,0.0,-1.0,0.0,0.0,1
5.0,0.0,13.0,13.0,140.0,30.0,0.0,1.0,0.15384615384615385,24.0,2.0,1
0.0,0.0,1.0,1.0,17.0,6.0,0.0,1.0,-1.0,0.0,0.0,1
2.0,0.0,3.0,3.0,21.0,4.0,0.0,1.0,0.0,0.0,3.0,1
1.0,0.0,3.0,3.0,14.0,3.0,0.0,0.0,0.6666666666666666,0.0,0.0,1
1.0,0.0,2.0,2.0,9.0,2.0,0.0,1.0,0.0,1.0,0.0,1
1.0,0.0,3.0,3.0,22.0,3.0,0.0,0.0,1.0,3.0,0.0,2
6.0,4.0,15.0,13.0,157.0,17.0,0.0,0.0,0.26666666666666666,13.0,2.0,1
3.0,0.0,30.0,28.0,162.0,37.0,0.0,0.0,0.06666666666666667,3.0,1.0,2
7.0,0.0,13.0,9.0,244.0,45.0,0.0,0.0,0.0,1.0,9.0,2
7.0,0.0,2.0,2.0,150.0,29.0,0.0,0.0,0.0,0.0,4.0,2
2.0,0.0,2.0,2.0,24.0,4.0,0.0,1.0,1.0,0.0,0.0,1
0.0,0.0,1.0,1.0,8.0,1.0,0.0,1.0,-1.0,0.0,0.0,1
23.0,2.0,59.0,13.0,1874.0,396.0,0.0,0.0,0.05084745762711865,4.0,52.0,2
2.0,0.0,2.0,2.0,25.0,2.0,4.0,1.0,1.0,1.0,1.0,2
0.0,0.0,5.0,0.0,15.0,5.0,0.0,0.0,-1.0,17.0,2.0,1
0.0,0.0,2.0,2.0,16.0,2.0,0.0,0.0,-1.0,1.0,1.0,2
0.0,0.0,5.0,5.0,41.0,10.0,0.0,0.0,-1.0,1.0,3.0,2
0.0,0.0,1.0,0.0,9.0,1.0,5.0,0.0,-1.0,1.0,1.0,1
1.0,0.0,2.0,1.0,10.0,2.0,0.0,0.0,0.0,0.0,0.0,1
0.0,0.0,3.0,3.0,15.0,3.0,0.0,0.0,-1.0,0.0,1.0,1
0.0,0.0,1.0,1.0,19.0,3.0,0.0,1.0,-1.0,0.0,2.0,2
0.0,0.0,0.0,0.0,2.0,0.0,0.0,0.0,-1.0,1.0,0.0,1
1.0,1.0,0.0,0.0,17.0,0.0,0.0,0.0,-1.0,1.0,1.0,2
7.0,0.0,5.0,4.0,52.0,11.0,0.0,0.0,0.4,0.0,2.0,1
0.0,0.0,4.0,4.0,21.0,6.0,0.0,0.0,-1.0,1.0,4.0,2
0.0,0.0,6.0,6.0,57.0,6.0,0.0,0.0,-1.0,0.0,0.0,1
0.0,0.0,1.0,0.0,5.0,1.0,0.0,3.0,-1.0,1.0,0.0,2
5.0,0.0,19.0,7.0,378.0,70.0,0.0,1.0,0.42105263157894735,2.0,17.0,2
1.0,0.0,5.0,1.0,18.0,5.0,3.0,0.0,0.6,1.0,0.0,2
0.0,0.0,5.0,5.0,7.0,5.0,1.0,0.0,-1.0,10.0,1.0,2
0.0,0.0,5.0,5.0,46.0,5.0,0.0,1.0,-1.0,0.0,0.0,1
7.0,6.0,5.0,3.0,49.0,7.0,0.0,1.0,0.6,0.0,1.0,2
4.0,0.0,4.0,3.0,98.0,12.0,0.0,0.0,0.0,0.0,0.0,2
0.0,0.0,2.0,0.0,4.0,2.0,0.0,0.0,-1.0,0.0,1.0,1
0.0,0.0,2.0,1.0,24.0,7.0,0.0,0.0,-1.0,1.0,0.0,2
0.0,0.0,1.0,1.0,6.0,1.0,3.0,0.0,-1.0,0.0,1.0,1
0.0,0.0,1.0,1.0,9.0,1.0,0.0,0.0,-1.0,0.0,0.0,1
18.0,3.0,26.0,24.0,435.0,54.0,0.0,0.0,0.0,0.0,15.0,1
2.0,0.0,3.0,2.0,19.0,4.0,0.0,0.0,0.0,0.0,0.0,1
0.0,0.0,3.0,3.0,16.0,3.0,0.0,2.0,-1.0,1.0,1.0,2
0.0,0.0,4.0,4.0,30.0,4.0,0.0,0.0,-1.0,1.0,0.0,2
0.0,0.0,16.0,14.0,118.0,17.0,0.0,0.0,-1.0,0.0,2.0,1
0.0,0.0,17.0,17.0,86.0,17.0,0.0,0.0,-1.0,9.0,2.0,2
1.0,0.0,7.0,6.0,71.0,8.0,0.0,1.0,0.0,0.0,1.0,1
3.0,0.0,4.0,4.0,35.0,6.0,0.0,1.0,0.0,2.0,3.0,1
3.0,0.0,2.0,1.0,13.0,2.0,0.0,0.0,0.0,0.0,0.0,1
18.0,6.0,2.0,2.0,115.0,2.0,0.0,0.0,-1.0,44.0,2.0,1
2.0,0.0,6.0,6.0,71.0,10.0,0.0,0.0,0.0,4.0,1.0,2
0.0,0.0,1.0,1.0,9.0,2.0,0.0,2.0,-1.0,0.0,1.0,1
4.0,0.0,6.0,6.0,143.0,24.0,0.0,0.0,0.0,2.0,2.0,2
4.0,4.0,2.0,2.0,36.0,4.0,0.0,0.0,1.0,0.0,3.0,1
6.0,0.0,2.0,1.0,125.0,17.0,0.0,0.0,0.0,1.0,5.0,2
10.0,0.0,8.0,7.0,124.0,14.0,0.0,0.0,0.0,0.0,4.0,2
20.0,13.0,5.0,5.0,81.0,18.0,0.0,0.0,0.0,1.0,4.0,2
2.0,2.0,3.0,0.0,24.0,3.0,0.0,2.0,1.0,1.0,1.0,1
0.0,0.0,1.0,1.0,8.0,1.0,0.0,1.0,-1.0,0.0,0.0,1
0.0,0.0,2.0,2.0,16.0,2.0,0.0,0.0,-1.0,1.0,1.0,2
0.0,0.0,5.0,5.0,20.0,5.0,0.0,2.0,-1.0,1.0,1.0,2
0.0,0.0,1.0,1.0,38.0,3.0,0.0,1.0,-1.0,1.0,1.0,2
13.0,1.0,14.0,10.0,213.0,44.0,0.0,0.0,0.2857142857142857,4.0,10.0,2
5.0,0.0,9.0,7.0,154.0,21.0,0.0,0.0,0.0,9.0,1.0,2
0.0,0.0,1.0,1.0,62.0,13.0,0.0,0.0,-1.0,0.0,2.0,1
0.0,0.0,1.0,1.0,8.0,1.0,0.0,1.0,-1.0,0.0,0.0,1
9.0,0.0,29.0,29.0,260.0,66.0,0.0,2.0,0.10344827586206896,7.0,2.0,1
3.0,0.0,8.0,8.0,92.0,12.0,0.0,2.0,0.75,0.0,4.0,1
0.0,0.0,1.0,1.0,5.0,1.0,0.0,1.0,-1.0,0.0,2.0,1
0.0,0.0,12.0,10.0,58.0,12.0,0.0,0.0,-1.0,0.0,4.0,1
6.0,0.0,8.0,6.0,73.0,17.0,0.0,0.0,0.375,3.0,12.0,2
0.0,0.0,1.0,1.0,11.0,1.0,0.0,0.0,-1.0,1.0,0.0,2
2.0,0.0,5.0,5.0,83.0,14.0,0.0,0.0,0.4,0.0,1.0,2
2.0,0.0,5.0,4.0,53.0,7.0,2.0,1.0,0.0,5.0,2.0,1
2.0,0.0,11.0,1.0,207.0,43.0,0.0,0.0,0.0,2.0,13.0,2
0.0,0.0,2.0,2.0,20.0,3.0,0.0,1.0,-1.0,0.0,1.0,1
0.0,0.0,3.0,3.0,21.0,3.0,1.0,0.0,-1.0,2.0,1.0,2
3.0,0.0,9.0,7.0,186.0,27.0,0.0,1.0,0.6666666666666666,0.0,8.0,1
0.0,0.0,2.0,1.0,13.0,3.0,0.0,0.0,-1.0,0.0,3.0,1
2.0,2.0,4.0,4.0,39.0,13.0,0.0,0.0,0.0,2.0,2.0,1
5.0,0.0,22.0,11.0,206.0,29.0,1.0,0.0,0.09090909090909091,2.0,6.0,1
2.0,0.0,2.0,2.0,22.0,3.0,0.0,0.0,0.0,1.0,2.0,2
1.0,0.0,0.0,0.0,3.0,0.0,0.0,0.0,-1.0,0.0,0.0,2
2.0,0.0,14.0,13.0,151.0,19.0,0.0,1.0,0.0,0.0,2.0,1
1.0,0.0,2.0,2.0,13.0,3.0,0.0,1.0,0.0,0.0,1.0,1
2.0,0.0,2.0,2.0,16.0,2.0,0.0,0.0,0.0,0.0,0.0,1
0.0,0.0,3.0,3.0,30.0,8.0,0.0,2.0,-1.0,1.0,1.0,2
7.0,2.0,5.0,4.0,48.0,7.0,0.0,0.0,0.0,2.0,1.0,1
1.0,0.0,1.0,1.0,32.0,2.0,0.0,0.0,0.0,0.0,2.0,1
12.0,0.0,8.0,1.0,239.0,45.0,0.0,0.0,0.0,2.0,1.0,2
3.0,0.0,4.0,2.0,42.0,5.0,0.0,0.0,1.0,0.0,6.0,1
6.0,0.0,19.0,11.0,405.0,92.0,0.0,0.0,0.3684210526315789,9.0,5.0,2
0.0,0.0,2.0,2.0,14.0,3.0,0.0,0.0,-1.0,0.0,1.0,1
0.0,0.0,23.0,22.0,256.0,27.0,0.0,0.0,-1.0,0.0,3.0,1
16.0,16.0,0.0,0.0,33.0,0.0,0.0,0.0,-1.0,5.0,0.0,2
7.0,0.0,10.0,10.0,46.0,10.0,0.0,0.0,0.2,7.0,1.0,2
6.0,6.0,0.0,0.0,30.0,0.0,0.0,0.0,-1.0,5.0,0.0,2
1.0,0.0,3.0,3.0,12.0,3.0,0.0,0.0,0.0,1.0,0.0,2
5.0,0.0,6.0,6.0,198.0,6.0,0.0,0.0,0.0,0.0,0.0,1
2.0,0.0,2.0,2.0,21.0,3.0,0.0,0.0,0.0,1.0,2.0,2
5.0,0.0,3.0,3.0,45.0,8.0,0.0,0.0,0.6666666666666666,0.0,2.0,1
3.0,0.0,9.0,8.0,37.0,10.0,0.0,0.0,0.0,1.0,4.0,2
27.0,2.0,67.0,59.0,688.0,97.0,0.0,0.0,0.07462686567164178,34.0,13.0,2
1.0,1.0,0.0,0.0,8.0,0.0,0.0,0.0,-1.0,1.0,0.0,2
5.0,0.0,6.0,6.0,37.0,7.0,0.0,0.0,0.0,2.0,0.0,2
14.0,2.0,19.0,12.0,324.0,35.0,0.0,0.0,0.21052631578947367,0.0,15.0,1
5.0,0.0,7.0,7.0,31.0,7.0,0.0,0.0,0.0,1.0,1.0,2
5.0,0.0,8.0,7.0,87.0,13.0,0.0,2.0,0.0,0.0,14.0,1
1.0,0.0,1.0,0.0,10.0,2.0,0.0,0.0,0.0,0.0,3.0,1
0.0,0.0,8.0,0.0,10.0,8.0,2.0,0.0,-1.0,1.0,1.0,2
13.0,6.0,3.0,3.0,98.0,7.0,0.0,0.0,0.6666666666666666,0.0,12.0,1
0.0,0.0,2.0,2.0,14.0,2.0,0.0,0.0,-1.0,0.0,2.0,1
14.0,0.0,23.0,17.0,271.0,48.0,0.0,1.0,0.2608695652173913,2.0,7.0,2
5.0,0.0,19.0,18.0,143.0,23.0,0.0,0.0,0.0,3.0,1.0,2
3.0,1.0,1.0,1.0,20.0,1.0,0.0,0.0,0.0,3.0,0.0,1
0.0,0.0,4.0,0.0,30.0,4.0,0.0,0.0,-1.0,4.0,1.0,1
1.0,0.0,3.0,3.0,31.0,3.0,0.0,1.0,1.0,0.0,0.0,1
0.0,0.0,1.0,1.0,19.0,3.0,0.0,1.0,-1.0,0.0,2.0,2
2.0,0.0,2.0,2.0,18.0,3.0,0.0,0.0,0.0,2.0,1.0,2
1.0,0.0,1.0,1.0,16.0,2.0,0.0,0.0,0.0,1.0,6.0,1
1.0,0.0,4.0,4.0,16.0,4.0,0.0,0.0,0.0,0.0,0.0,1
2.0,0.0,9.0,7.0,77.0,10.0,0.0,0.0,0.2222222222222222,1.0,7.0,2
0.0,0.0,25.0,24.0,165.0,25.0,1.0,1.0,-1.0,0.0,2.0,1
13.0,0.0,12.0,7.0,205.0,34.0,0.0,0.0,0.4166666666666667,2.0,3.0,2
0.0,0.0,3.0,1.0,11.0,3.0,0.0,0.0,-1.0,0.0,3.0,1
7.0,0.0,4.0,2.0,155.0,24.0,0.0,0.0,0.0,2.0,3.0,1
4.0,4.0,15.0,15.0,115.0,18.0,0.0,0.0,1.0,2.0,2.0,1
1.0,0.0,17.0,17.0,49.0,17.0,0.0,0.0,0.9411764705882353,0.0,0.0,1
2.0,0.0,2.0,2.0,16.0,3.0,0.0,0.0,0.0,0.0,0.0,1
14.0,5.0,19.0,19.0,228.0,44.0,0.0,0.0,0.21052631578947367,1.0,12.0,2
1.0,0.0,2.0,2.0,9.0,2.0,0.0,1.0,0.0,0.0,0.0,1
18.0,0.0,16.0,9.0,612.0,120.0,0.0,1.0,0.125,1.0,13.0,1
1.0,0.0,3.0,3.0,43.0,3.0,0.0,0.0,0.6666666666666666,0.0,1.0,2
0.0,0.0,8.0,8.0,34.0,9.0,0.0,0.0,-1.0,1.0,0.0,2
0.0,0.0,6.0,0.0,8.0,6.0,0.0,0.0,-1.0,0.0,0.0,1
6.0,0.0,12.0,12.0,47.0,12.0,0.0,0.0,0.5,4.0,0.0,2
19.0,0.0,39.0,38.0,466.0,62.0,0.0,0.0,0.10256410256410256,1.0,4.0,1
0.0,0.0,1.0,1.0,14.0,1.0,0.0,0.0,-1.0,0.0,1.0,1
1.0,0.0,3.0,3.0,12.0,3.0,0.0,0.0,0.0,0.0,0.0,1
3.0,0.0,4.0,0.0,19.0,4.0,0.0,0.0,0.0,2.0,2.0,2
4.0,0.0,7.0,7.0,80.0,19.0,0.0,0.0,0.0,3.0,3.0,2
5.0,0.0,8.0,8.0,108.0,23.0,0.0,0.0,0.0,1.0,0.0,2
0.0,0.0,3.0,2.0,7.0,3.0,2.0,1.0,-1.0,0.0,3.0,1
0.0,0.0,1.0,1.0,8.0,1.0,0.0,0.0,-1.0,0.0,2.0,1
2.0,0.0,3.0,3.0,21.0,4.0,0.0,1.0,0.0,0.0,3.0,1
3.0,0.0,5.0,4.0,88.0,16.0,0.0,1.0,0.6,2.0,8.0,2
2.0,0.0,7.0,6.0,107.0,17.0,0.0,0.0,0.0,1.0,1.0,2
26.0,0.0,45.0,44.0,268.0,60.0,0.0,2.0,0.26666666666666666,4.0,18.0,2
11.0,0.0,7.0,1.0,226.0,44.0,0.0,0.0,0.0,2.0,1.0,2
5.0,0.0,3.0,1.0,30.0,5.0,0.0,0.0,0.0,1.0,1.0,1
1.0,0.0,2.0,2.0,24.0,4.0,0.0,0.0,1.0,1.0,1.0,2
0.0,0.0,0.0,0.0,2.0,0.0,0.0,0.0,-1.0,4.0,0.0,1
1.0,0.0,5.0,5.0,41.0,5.0,0.0,0.0,0.6,2.0,1.0,2
2.0,0.0,1.0,1.0,10.0,2.0,0.0,1.0,0.0,0.0,1.0,2
2.0,0.0,6.0,6.0,27.0,11.0,0.0,0.0,0.6666666666666666,2.0,0.0,2
0.0,0.0,2.0,2.0,4.0,2.0,1.0,0.0,-1.0,1.0,0.0,2
0.0,0.0,0.0,0.0,6.0,0.0,0.0,1.0,-1.0,0.0,0.0,1
3.0,0.0,13.0,11.0,181.0,31.0,0.0,0.0,0.6153846153846154,2.0,3.0,2
0.0,0.0,3.0,0.0,5.0,3.0,0.0,0.0,-1.0,5.0,0.0,2
21.0,0.0,35.0,21.0,739.0,172.0,0.0,1.0,0.2,2.0,18.0,2
0.0,0.0,0.0,0.0,2.0,0.0,0.0,0.0,-1.0,1.0,0.0,1
0.0,0.0,2.0,2.0,21.0,2.0,0.0,0.0,-1.0,2.0,1.0,2
5.0,0.0,12.0,10.0,214.0,36.0,0.0,1.0,0.16666666666666666,0.0,6.0,2
0.0,0.0,1.0,0.0,15.0,1.0,0.0,2.0,-1.0,0.0,1.0,1
1.0,1.0,0.0,0.0,7.0,0.0,0.0,0.0,-1.0,2.0,0.0,1
3.0,0.0,31.0,28.0,167.0,37.0,0.0,0.0,0.3548387096774194,1.0,1.0,2
0.0,0.0,5.0,5.0,40.0,5.0,0.0,1.0,-1.0,0.0,0.0,1
1.0,0.0,1.0,1.0,16.0,2.0,0.0,0.0,0.0,1.0,5.0,2
4.0,0.0,13.0,13.0,66.0,16.0,0.0,0.0,0.15384615384615385,2.0,1.0,2
12.0,0.0,18.0,15.0,184.0,40.0,0.0,0.0,0.16666666666666666,6.0,3.0,2
0.0,0.0,2.0,2.0,17.0,2.0,0.0,1.0,-1.0,0.0,1.0,1
6.0,0.0,14.0,11.0,201.0,31.0,0.0,0.0,0.0,8.0,3.0,2
0.0,0.0,10.0,10.0,82.0,10.0,0.0,0.0,-1.0,0.0,0.0,2
0.0,0.0,43.0,0.0,228.0,43.0,1.0,0.0,-1.0,0.0,0.0,1
25.0,0.0,69.0,49.0,565.0,113.0,14.0,0.0,0.17391304347826086,2.0,11.0,1
1.0,0.0,3.0,3.0,12.0,3.0,0.0,0.0,0.0,1.0,0.0,2
3.0,0.0,11.0,1.0,226.0,48.0,0.0,0.0,0.0,4.0,14.0,1
2.0,0.0,12.0,12.0,338.0,76.0,0.0,0.0,0.25,23.0,4.0,2
1.0,0.0,11.0,2.0,31.0,11.0,0.0,1.0,0.7272727272727273,0.0,3.0,1
16.0,0.0,6.0,0.0,72.0,6.0,3.0,0.0,1.0,2.0,4.0,1
4.0,4.0,3.0,3.0,38.0,3.0,0.0,0.0,-1.0,5.0,2.0,2
0.0,0.0,2.0,2.0,17.0,2.0,0.0,0.0,-1.0,1.0,1.0,2
1.0,0.0,2.0,1.0,23.0,2.0,0.0,0.0,0.0,0.0,0.0,1
0.0,0.0,12.0,1.0,137.0,13.0,0.0,0.0,-1.0,3.0,1.0,2
3.0,0.0,4.0,4.0,19.0,4.0,0.0,0.0,0.0,0.0,0.0,1
3.0,0.0,3.0,2.0,23.0,3.0,1.0,0.0,0.0,0.0,2.0,1
3.0,0.0,8.0,8.0,98.0,10.0,0.0,1.0,0.25,0.0,2.0,1
4.0,0.0,6.0,6.0,90.0,7.0,0.0,1.0,0.0,1.0,0.0,2
3.0,0.0,4.0,4.0,39.0,5.0,0.0,0.0,0.0,4.0,2.0,2
12.0,0.0,19.0,19.0,195.0,33.0,0.0,0.0,0.0,0.0,9.0,2
5.0,0.0,5.0,4.0,65.0,7.0,0.0,1.0,0.0,0.0,3.0,2
0.0,0.0,1.0,1.0,4.0,1.0,0.0,1.0,-1.0,0.0,0.0,1
2.0,0.0,1.0,0.0,8.0,1.0,0.0,0.0,0.0,1.0,2.0,2
29.0,0.0,60.0,46.0,891.0,148.0,4.0,0.0,0.05,3.0,22.0,2
0.0,0.0,1.0,1.0,9.0,2.0,0.0,2.0,-1.0,0.0,1.0,1
0.0,0.0,1.0,1.0,15.0,1.0,0.0,2.0,-1.0,0.0,0.0,2
1.0,0.0,3.0,0.0,14.0,3.0,0.0,0.0,0.6666666666666666,1.0,1.0,2
4.0,0.0,8.0,5.0,90.0,16.0,0.0,0.0,0.0,1.0,5.0,2
2.0,0.0,2.0,2.0,14.0,2.0,0.0,1.0,0.0,2.0,0.0,1
4.0,0.0,6.0,6.0,68.0,10.0,0.0,0.0,0.3333333333333333,1.0,6.0,2
0.0,0.0,4.0,4.0,30.0,4.0,0.0,0.0,-1.0,2.0,1.0,2
1.0,0.0,12.0,3.0,34.0,12.0,0.0,1.0,0.75,0.0,3.0,1
1.0,0.0,2.0,2.0,18.0,3.0,0.0,2.0,1.0,0.0,0.0,1
0.0,0.0,2.0,2.0,19.0,2.0,0.0,0.0,-1.0,6.0,2.0,2
3.0,0.0,14.0,14.0,56.0,16.0,0.0,0.0,0.35714285714285715,1.0,5.0,2
0.0,0.0,1.0,1.0,23.0,6.0,0.0,0.0,-1.0,2.0,3.0,2
2.0,0.0,10.0,7.0,70.0,13.0,0.0,0.0,0.2,0.0,2.0,2
0.0,0.0,1.0,1.0,17.0,6.0,0.0,1.0,-1.0,0.0,0.0,1
10.0,10.0,0.0,0.0,20.0,0.0,0.0,0.0,-1.0,13.0,0.0,2
0.0,0.0,13.0,10.0,72.0,14.0,0.0,0.0,-1.0,0.0,2.0,1
8.0,0.0,3.0,2.0,57.0,10.0,0.0,0.0,0.0,1.0,1.0,2
0.0,0.0,1.0,1.0,3.0,1.0,0.0,0.0,-1.0,1.0,0.0,2
4.0,0.0,27.0,25.0,168.0,35.0,0.0,0.0,0.48148148148148145,1.0,2.0,1
1.0,0.0,2.0,2.0,12.0,2.0,0.0,0.0,1.0,0.0,0.0,2
12.0,0.0,33.0,32.0,576.0,54.0,0.0,0.0,0.09090909090909091,2.0,6.0,1
0.0,0.0,2.0,2.0,8.0,2.0,0.0,0.0,-1.0,0.0,2.0,1
1.0,0.0,6.0,6.0,55.0,6.0,0.0,1.0,0.0,0.0,1.0,1
2.0,0.0,19.0,19.0,276.0,38.0,0.0,0.0,1.0,0.0,6.0,1
1.0,0.0,1.0,0.0,23.0,3.0,0.0,1.0,0.0,0.0,2.0,1
1.0,0.0,1.0,1.0,5.0,1.0,0.0,0.0,0.0,0.0,0.0,1
1.0,0.0,19.0,19.0,91.0,19.0,0.0,0.0,0.0,1.0,2.0,1
0.0,0.0,2.0,2.0,77.0,11.0,0.0,0.0,-1.0,0.0,3.0,2
8.0,0.0,20.0,0.0,219.0,65.0,0.0,0.0,0.0,2.0,2.0,2
2.0,2.0,2.0,2.0,28.0,4.0,0.0,1.0,1.0,1.0,2.0,1
3.0,0.0,4.0,4.0,66.0,9.0,0.0,0.0,0.0,0.0,0.0,1
1.0,0.0,9.0,8.0,40.0,11.0,0.0,0.0,0.0,0.0,2.0,1
0.0,0.0,3.0,3.0,16.0,3.0,0.0,2.0,-1.0,1.0,1.0,2
1.0,0.0,3.0,3.0,12.0,3.0,0.0,0.0,0.0,0.0,0.0,1
1.0,0.0,3.0,3.0,16.0,3.0,0.0,0.0,1.0,0.0,0.0,1
3.0,0.0,9.0,9.0,83.0,12.0,0.0,0.0,0.5555555555555556,3.0,1.0,2
0.0,0.0,2.0,2.0,41.0,8.0,0.0,0.0,-1.0,0.0,1.0,1
1.0,0.0,1.0,1.0,16.0,2.0,0.0,0.0,0.0,1.0,6.0,1
0.0,0.0,1.0,1.0,29.0,3.0,0.0,0.0,-1.0,9.0,1.0,2
1.0,1.0,2.0,2.0,13.0,2.0,0.0,0.0,0.0,1.0,3.0,1
5.0,0.0,4.0,2.0,116.0,19.0,0.0,0.0,0.0,2.0,3.0,2
4.0,0.0,9.0,7.0,47.0,11.0,0.0,0.0,0.3333333333333333,0.0,3.0,1
1.0,0.0,3.0,2.0,30.0,3.0,0.0,0.0,0.0,0.0,0.0,1
3.0,0.0,5.0,5.0,54.0,5.0,0.0,1.0,0.6,1.0,0.0,1
7.0,0.0,13.0,13.0,60.0,18.0,0.0,0.0,0.5384615384615384,0.0,3.0,2
0.0,0.0,2.0,2.0,4.0,2.0,1.0,0.0,-1.0,1.0,0.0,2
1.0,0.0,3.0,3.0,25.0,3.0,0.0,0.0,1.0,3.0,0.0,2
12.0,0.0,13.0,9.0,232.0,34.0,0.0,0.0,0.15384615384615385,1.0,9.0,1
0.0,0.0,4.0,4.0,6.0,4.0,0.0,0.0,-1.0,1.0,1.0,1
9.0,5.0,89.0,77.0,403.0,95.0,0.0,1.0,0.14606741573033707,1.0,3.0,1
3.0,0.0,12.0,11.0,140.0,20.0,0.0,1.0,0.16666666666666666,2.0,5.0,1
1.0,0.0,2.0,2.0,9.0,2.0,0.0,0.0,0.0,0.0,0.0,1
1.0,0.0,8.0,7.0,69.0,9.0,0.0,0.0,0.0,0.0,4.0,2
6.0,0.0,7.0,7.0,53.0,16.0,0.0,0.0,0.0,1.0,0.0,2
18.0,3.0,49.0,48.0,439.0,65.0,1.0,0.0,0.14285714285714285,7.0,7.0,2
5.0,0.0,13.0,7.0,193.0,38.0,0.0,1.0,0.15384615384615385,1.0,8.0,1
6.0,0.0,13.0,11.0,139.0,26.0,0.0,2.0,0.6153846153846154,1.0,8.0,2
6.0,0.0,1.0,1.0,81.0,14.0,0.0,0.0,0.0,3.0,1.0,1
1.0,0.0,14.0,12.0,115.0,15.0,0.0,1.0,0.8571428571428571,0.0,1.0,1
